nohup: ignoring input
2017-12-09 21:19:29.602273: I tensorflow/core/platform/cpu_feature_guard.cc:137] Your CPU supports instructions that this TensorFlow binary was not compiled to use: SSE4.1 SSE4.2 AVX AVX2 FMA
Extracting /home/ubuntu/data/cs744_project_d3/MNIST_data/train-images-idx3-ubyte.gz
Extracting /home/ubuntu/data/cs744_project_d3/MNIST_data/train-labels-idx1-ubyte.gz
Extracting /home/ubuntu/data/cs744_project_d3/MNIST_data/t10k-images-idx3-ubyte.gz
Extracting /home/ubuntu/data/cs744_project_d3/MNIST_data/t10k-labels-idx1-ubyte.gz
Current seed:0
[8, 8, 8, 8]
0
0.0200988
1
0.0194469
2
0.0182346
3
0.0178076
Current seed:1
[9, 8, 3, 9]
Current seed:2
[1, 1, 1, 1]
0
-0.0673921
1
-0.0441341
Current seed:3
[1, 1, 1, 1]
0
-0.0308193
1
-0.0419071
Current seed:4
[3, 3, 3, 3]
0
0.0607806
1
0.00668866
2
0.0108812
Current seed:5
[3, 7, 3, 3]
Current seed:6
[5, 5, 5, 5]
0
-0.0100205
1
-0.00827648
2
-0.00700213
3
-0.00670358
4
-0.00657663
5
-0.00774144
6
-0.00244783
7
-0.00253853
8
-0.00286133
9
-0.00505033
10
-0.00184871
11
-0.00343308
12
-0.00230691
13
-0.0100918
14
-0.00894562
15
-0.0164366
Current seed:7
[0, 0, 0, 0]
0
0.020383
Current seed:8
[2, 2, 2, 2]
0
-0.0042519
1
-0.00299617
2
-0.00353827
3
-0.00400165
4
-0.0049231
5
-0.00450294
6
-0.00536808
7
-0.00729179
8
-0.00765519
9
-0.00629665
10
-0.00713722
11
-0.00865066
12
-0.00730573
Current seed:9
[5, 5, 5, 5]
0
0.00352861
1
0.00766837
Current seed:10
[9, 9, 9, 9]
0
-0.0033576
1
-0.00575127
2
-0.00556496
3
-0.00606291
4
-0.00673799
5
-0.00361308
6
-0.00266922
7
-0.00282156
8
-0.00575662
9
-0.00644539
10
-0.00400693
11
-0.00220546
12
-0.00397532
13
-0.00733476
14
-0.0164707
Current seed:11
[1, 1, 1, 1]
0
0.00582024
1
0.0133312
Current seed:12
[2, 2, 2, 2]
0
0.0144506
Current seed:13
[5, 5, 5, 5]
0
0.00291046
1
0.00575275
Current seed:14
[0, 0, 0, 0]
0
-0.00149008
1
-0.00247003
2
-0.00365088
3
-0.00489533
4
-0.0055028
5
-0.00849231
6
-0.00995438
7
-0.0117763
8
-0.0157975
Current seed:15
[2, 2, 2, 2]
0
0.0117838
Current seed:16
[2, 2, 2, 2]
0
-0.0131404
1
-0.0113226
2
-0.0138638
3
-0.0114435
4
-0.0105025
5
-0.0126041
6
-0.00976061
Current seed:17
[0, 0, 0, 0]
0
0.0247616
Current seed:18
[1, 1, 1, 1]
0
0.00330346
1
0.00316518
Current seed:19
[0, 0, 0, 0]
0
0.00718862
1
-0.00867663
2
0.00515406
3
-3.81208e-05
4
0.000741545
5
-0.00163328
6
0.000891946
7
0.000741437
8
-0.00163344
9
0.000891951
10
0.000741462
11
-0.0016334
12
0.00089195
13
0.000741457
14
-0.0016334
15
0.00089195
16
0.000741457
17
-0.00163341
18
0.000891949
19
0.000741456
20
-0.00163341
21
0.000891951
22
0.000741456
23
-0.00163341
24
0.000891949
25
0.000741455
26
-0.0016334
27
0.000891951
28
0.000741456
29
-0.00163341
30
0.000891949
31
0.000741456
32
-0.0016334
33
0.000891949
34
0.000741456
35
-0.00163341
36
0.000891951
37
0.000741454
38
-0.0016334
39
0.000891951
40
0.000741454
41
-0.00163341
42
0.000891951
43
0.000741457
44
-0.00163341
45
0.000891951
46
0.000741457
47
-0.00163341
48
0.000891951
49
0.000741457
Current seed:20
[4, 4, 4, 4]
0
-0.000975392
1
-0.00187728
2
-0.00241832
3
-0.00271306
4
-0.00307809
5
-0.00386837
6
-0.00434842
7
-0.00321569
8
-0.00235621
9
-0.00185852
10
-0.00226309
11
-0.00426667
12
-0.00444167
13
-0.00418974
14
-0.00365573
15
-0.00373545
16
-0.00471904
17
-0.00607421
18
-0.00145996
19
0.0012584
20
-0.00219461
21
-0.000394122
22
0.000387588
23
5.11384e-06
24
7.86307e-05
25
2.82307e-05
26
-0.000181786
27
0.000402896
28
-0.00130583
29
0.00187907
30
0.000778635
31
-0.000794251
32
0.000391072
33
-0.00220492
34
0.00141966
35
-0.000295491
36
-0.00111333
37
0.00146651
38
0.000703053
39
-0.000408614
40
0.0011501
41
-0.00343686
42
0.00162824
43
-0.000603745
44
0.000681394
45
0.000614075
46
0.000514387
47
-0.00186475
48
0.000565323
49
0.000552486
Current seed:21
[3, 3, 3, 3]
0
-0.0266669
1
-0.0338256
2
-0.041512
Current seed:22
[4, 4, 4, 4]
0
0.00208213
1
0.00365127
2
0.00708589
3
-0.00393577
4
-0.00154622
5
0.0310296
6
0.00174987
7
0.00292314
8
0.00243348
9
0.00332499
10
0.00426603
Current seed:23
[7, 7, 7, 7]
0
-0.0151957
1
-0.0128463
2
-0.0220557
3
-0.0235347
4
-0.0148249
Current seed:24
[8, 8, 8, 8]
0
0.0026686
1
0.00408928
2
-0.00695702
3
0.00111516
4
0.00241091
5
0.00492645
6
-0.0792705
Current seed:25
[1, 8, 7, 8]
Current seed:26
[1, 1, 1, 1]
0
0.0171295
Current seed:27
[7, 7, 7, 7]
0
-0.0319716
1
-0.0317719
2
-0.0369118
Current seed:28
[8, 8, 8, 8]
0
0.0262763
1
0.0272883
2
0.0305192
Current seed:29
[6, 6, 6, 6]
0
-0.00147133
1
-0.0014725
2
-0.001628
3
-0.00159436
4
-0.00159793
5
-0.001583
6
-0.00157649
7
-0.00157676
8
-0.00151548
9
-0.00150792
10
-0.00147338
11
-0.00147826
12
-0.00147576
13
-0.00149563
14
-0.00150488
15
-0.00151332
16
-0.00150191
17
-0.00150426
18
-0.00151491
19
-0.00151863
20
-0.00153896
21
-0.00141892
22
-0.00142948
23
-0.00124018
24
-0.00120632
25
-0.00119024
26
-0.00120499
27
-0.00123269
28
-0.00125036
29
-0.00135154
30
-0.00126656
31
-0.00127038
32
-0.00123405
33
-0.00124455
34
-0.00122897
35
-0.00121895
36
-0.00121426
37
-0.00131498
38
-0.00131411
39
-0.00147524
40
-0.00167968
41
-0.00191123
Current seed:30
[8, 8, 8, 8]
0
0.0125746
1
0.00970215
2
0.0027359
3
-0.00212447
4
0.00149446
5
-0.00260568
6
0.0024264
7
-0.00198149
8
0.00269902
9
-0.00176776
10
0.00072433
11
-0.00160447
12
0.0027595
13
-0.00213007
14
0.00149034
15
-0.00260623
16
0.00247542
17
-0.00226146
18
0.00263836
19
-0.00252142
20
0.00213671
21
-0.00231076
22
0.00259202
23
-0.00246109
24
0.0019754
25
-0.0023884
26
0.002658
27
-0.00273941
28
0.00297793
29
-0.00256632
30
0.00263821
31
-0.00247187
32
0.00214909
33
-0.00257444
34
0.00246306
35
-0.00195
36
0.00275447
37
-0.00168819
38
0.000782628
39
-0.0021857
40
0.00275564
41
-0.00253602
42
0.00212497
43
-0.00231275
44
0.00259168
45
-0.00245894
46
0.00197637
47
-0.0023884
48
0.002658
49
-0.00273942
Current seed:31
[2, 2, 2, 2]
0
-0.00385075
1
-0.00592424
2
-0.00343737
3
-0.00373222
4
-0.00173733
5
-0.000257505
6
-0.000671095
7
-0.000244243
8
-0.000199316
9
0.000207016
10
0.00367789
11
-0.0101553
12
0.00283144
13
-0.00828097
14
0.00327872
15
-0.0121314
16
0.00321027
17
-0.0060507
18
0.00196284
19
-0.000348365
20
-0.000731027
21
0.00473476
22
-0.0317664
23
0.00727728
Current seed:32
[3, 3, 3, 3]
0
-0.0059642
1
-0.00562905
2
-0.00591052
3
-0.00477504
4
-0.00556453
5
-0.00654509
6
-0.00596715
7
-0.0062597
8
-0.00697332
9
-0.00724538
10
-0.0107278
11
-0.00597998
12
-0.00246698
Current seed:33
[8, 8, 8, 8]
0
-0.00432713
1
-0.00398355
2
-0.002837
3
-0.00261444
4
-0.00278091
5
-0.00300581
6
-0.0032206
7
-0.00226755
8
-0.00166093
9
0.000727565
10
-0.00248633
11
0.00244179
12
-0.00597417
13
0.000115509
14
0.0010884
15
-0.00128922
16
-0.00013166
17
-0.000206264
18
-0.000761418
19
0.000204746
20
0.00116455
21
-0.00110983
22
0.00103243
23
-0.000451449
24
2.69216e-05
25
0.000170474
26
-0.00142601
27
-0.000188206
28
-0.000222063
29
-0.000332113
30
-0.000312599
31
-0.000442465
32
-0.000395178
33
-0.00107613
34
-0.0014594
35
-0.00147436
36
-0.000537554
37
-0.00119714
38
-0.00170724
39
-0.00209461
40
-0.00178097
41
-0.0019653
42
-0.00438464
43
-0.00353004
44
-0.00336481
45
-0.000841264
46
0.000634988
47
-0.00231094
48
-0.000140605
49
-0.000185077
Current seed:34
[8, 8, 8, 8]
0
0.0169696
Current seed:35
[0, 0, 0, 0]
0
0.00164187
1
0.000168279
2
-0.000481935
3
0.00098628
4
0.0003607
5
4.97501e-05
6
0.000242046
7
4.681e-05
8
0.000753363
9
-0.0024482
10
0.00100725
11
0.000276468
12
7.90844e-05
13
9.59151e-05
14
0.000257169
15
0.000773163
16
-0.00250139
17
0.00122588
18
0.000138178
19
0.000142952
20
0.000256544
21
0.000886232
22
-0.00318534
23
0.000884364
24
0.000115849
25
-0.000470366
26
0.00128784
27
0.000128966
28
0.000233903
29
6.72906e-05
30
0.000767833
31
-0.00244039
32
0.00113887
33
-0.000322434
34
0.00147673
35
-0.00152279
36
0.00181672
37
-0.00320486
38
0.000179821
39
0.001165
40
0.00271943
41
0.00111586
42
0.00295249
Current seed:36
[2, 2, 2, 2]
0
-0.00417019
1
-0.00617652
2
-0.00639359
3
-0.00421462
4
-0.0022173
5
-0.00267858
6
-0.0031748
7
-0.00337608
8
-0.00327155
9
-0.00380589
10
-0.0030578
11
-0.00330119
12
-0.00572751
13
-0.00574512
14
-0.00659077
15
-0.0105707
Current seed:37
[2, 2, 2, 2]
0
-0.0301867
1
-0.0300586
2
-0.0289878
Current seed:38
[7, 7, 7, 7]
0
0.00948835
1
0.00928699
2
0.0042981
Current seed:39
[7, 7, 7, 7]
0
-0.00722055
1
-0.00754167
2
-0.00872896
3
-0.00863429
4
-0.00792365
5
-0.00877943
6
-0.00795289
7
-0.00471711
8
-0.00263822
9
-0.00435752
10
-0.00770359
11
-0.013481
Current seed:40
[8, 8, 8, 8]
0
-0.0588953
1
-0.046047
Current seed:41
[2, 2, 7, 2]
Current seed:42
[0, 0, 0, 0]
0
0.0045092
1
0.00581366
Current seed:43
[1, 1, 1, 1]
0
0.0313862
Current seed:44
[1, 1, 1, 1]
0
-0.0331877
1
-0.0291333
2
-0.0323558
Current seed:45
[3, 3, 3, 3]
0
0.0271636
Current seed:46
[0, 0, 0, 0]
0
-0.008742
1
-0.00898144
2
-0.00907319
3
-0.00631765
4
-0.00711285
5
-0.0132943
6
-0.011979
7
-0.00865571
Current seed:47
[3, 3, 3, 3]
0
0.00244452
1
0.00293663
2
-0.0118338
3
0.00136263
4
0.00158307
5
0.00285037
6
-0.0109455
7
-0.000328869
8
-0.000479234
9
-0.000144323
10
-9.07658e-05
11
-9.59483e-05
12
-0.00013435
13
-0.000135065
14
-4.13994e-05
15
1.95376e-06
16
-0.000136457
17
-0.000303005
18
-0.00023567
19
-0.000302864
20
-0.000268627
21
-0.000461485
22
-0.00065448
23
-0.000938197
24
-0.00149838
25
-0.00255184
26
-0.00164152
27
-0.00131603
28
-0.00124026
29
-0.00102244
30
-0.00127101
31
-0.0014657
32
-0.00175148
33
-0.000385741
34
-0.00117142
35
-0.000425058
36
-0.000636176
37
-0.000649704
38
-0.00152281
39
-0.00172381
40
-0.00206191
41
-0.00206517
42
-0.00076074
43
-0.00156524
44
-0.00264786
45
-0.0039467
46
-0.00244314
47
-0.00482616
48
-0.00488799
49
-0.00758174
Current seed:48
[6, 6, 6, 6]
0
-0.0539626
1
-0.036805
Current seed:49
[1, 1, 1, 1]
0
-0.000484518
1
-0.000427869
2
-0.000329182
3
-0.000323819
4
-0.00032634
5
-0.000455158
6
-0.000645533
7
-0.000412544
8
-0.000490797
9
-0.000530155
10
-0.000474238
11
-0.000464691
12
-0.000807697
13
-0.00059668
14
-0.000297551
15
-0.00028022
16
-0.000292198
17
-0.000503625
18
-0.000769098
19
-0.000602137
20
-0.000507313
21
-0.000338415
22
-0.000230594
23
-0.00027235
24
-0.000258308
25
-3.71602e-05
26
-2.28801e-05
27
-3.29758e-05
28
-9.36343e-05
29
-2.91686e-05
30
-4.14609e-05
31
-4.10768e-05
32
-5.4881e-06
33
-6.88923e-06
34
-7.14468e-06
35
-3.0619e-05
36
-2.4845e-05
37
-2.72022e-05
38
-3.28389e-05
39
-0.00012013
40
-0.000177197
41
-0.000198921
42
-0.000240824
43
3.57545e-05
44
-0.000302475
45
1.85169e-05
46
6.7587e-06
47
3.24378e-06
48
4.00593e-05
49
2.21638e-05
Current seed:50
[0, 0, 0, 0]
0
-0.00494477
1
-0.00292057
2
-0.00454781
3
-0.00333634
4
-0.00374827
5
-0.00308814
6
4.99732e-05
7
-0.000230705
8
-3.98645e-05
9
-3.98943e-05
10
-4.68117e-05
11
-3.96015e-05
12
-4.4984e-05
13
-3.07193e-05
14
4.39358e-05
15
-3.14927e-05
16
-2.30063e-05
17
4.36604e-05
18
-3.13484e-05
19
-2.3764e-05
20
4.38636e-05
21
-2.27014e-05
22
-2.41228e-05
23
4.39038e-05
24
-2.28212e-05
25
-2.41257e-05
26
4.38973e-05
27
-2.28158e-05
28
4.40849e-05
29
-0.000278664
30
0.000111728
31
-0.000216736
32
0.000378445
33
-0.000178586
34
-7.23464e-05
35
-0.000178122
36
0.000372427
37
-0.000306281
38
0.000105943
39
3.90158e-05
40
-7.62694e-06
41
-1.18885e-05
42
-9.53256e-06
43
-1.03178e-05
44
3.89827e-05
45
-7.68416e-06
46
-1.18815e-05
47
-9.53159e-06
48
-9.93708e-06
49
3.89827e-05
Current seed:51
[4, 4, 6, 4]
Current seed:52
[1, 1, 1, 1]
0
-0.00574544
1
-0.00571973
2
-0.00466262
3
-0.00342544
4
-0.00506611
5
-0.00499289
6
-0.00595097
7
-0.0043461
8
-0.00326365
9
-0.00197359
10
-0.00174413
11
-0.00258993
12
-0.00165596
13
-0.00121144
14
-0.00089678
15
-0.00086965
16
-0.00102803
17
-0.00100809
18
-0.000873579
19
-0.00118429
20
-0.000346624
21
-0.000504825
22
-0.000210035
23
-0.000311628
24
-0.000300598
25
-0.000533133
26
-7.70269e-05
27
-0.000109121
28
-8.88204e-05
29
-0.000266522
30
-7.9751e-05
31
-3.30844e-05
32
-3.31596e-05
33
-3.12737e-05
34
-3.12219e-05
35
-4.93799e-05
36
-0.000269161
37
-0.000350195
38
-0.000417367
39
-0.00106694
40
-0.000789415
41
-0.000493836
42
-0.000353646
43
-0.000240353
44
-0.000227333
45
-1.97066e-05
46
-8.82567e-06
47
-3.4515e-05
48
-5.52735e-05
49
-0.000258886
Current seed:53
[0, 0, 0, 0]
0
0.00448528
1
0.0148094
Current seed:54
[7, 7, 7, 7]
0
-0.00814909
1
-0.00589971
2
-0.00457102
3
-0.00530157
4
-0.00581982
5
-0.00647849
6
-0.00011048
7
2.59426e-05
8
0.00068177
9
-0.000648648
10
0.00100535
11
-0.000729547
12
0.00155771
13
0.00129132
14
0.00601299
15
-0.136863
Current seed:55
[0, 0, 0, 0]
0
0.000479928
1
0.000863327
2
9.51379e-06
3
4.10542e-07
4
3.71583e-07
5
3.70139e-07
6
3.69887e-07
7
3.69669e-07
8
-4.79727e-06
9
7.24792e-07
10
4.90147e-07
11
4.78904e-07
12
4.85105e-07
13
3.52434e-07
14
3.53385e-07
15
3.51945e-07
16
3.72415e-07
17
3.71517e-07
18
3.71279e-07
19
3.70956e-07
20
3.68319e-07
21
-4.76831e-06
22
5.4259e-07
23
4.90683e-07
24
4.78177e-07
25
3.5519e-07
26
3.53708e-07
27
3.52192e-07
28
3.51351e-07
29
3.72415e-07
30
3.7089e-07
31
3.70044e-07
32
3.69764e-07
33
-4.79537e-06
34
7.23666e-07
35
4.90874e-07
36
4.78282e-07
37
4.83969e-07
38
3.5433e-07
39
3.54026e-07
40
3.51403e-07
41
3.73646e-07
42
3.7155e-07
43
3.707e-07
44
3.69792e-07
45
3.68927e-07
46
-4.76769e-06
47
5.42638e-07
48
4.91334e-07
49
4.77645e-07
Current seed:56
[5, 5, 5, 5]
0
0.00214788
1
0.00167774
2
-0.00303119
3
0.006193
4
-0.0190632
5
0.00183848
6
0.0015792
7
-0.000835387
8
0.00257498
9
-0.00407187
10
0.00391404
11
-0.00262448
12
0.00117771
13
-0.000175201
14
-0.00134082
15
0.000290084
16
0.00153987
17
-0.000555542
18
-0.000295257
19
0.00196366
20
-0.00282267
21
0.00135825
22
1.79519e-05
23
-0.000452146
24
0.00155968
25
-0.00174394
26
0.00152034
27
-0.0029015
28
0.0018836
29
-0.000798676
30
0.00252803
31
-0.00399321
32
0.00467371
33
-0.00110834
34
-0.00238335
35
0.00154225
36
-0.00067639
37
-0.000431246
38
0.00148462
39
-0.001902
40
0.0015182
41
-0.000998138
42
0.00142417
43
-0.00167841
44
0.00252806
45
-0.00399321
46
0.00467375
47
-0.00110835
48
-0.00238334
49
0.00154226
Current seed:57
[4, 4, 4, 4]
0
0.012244
1
0.0331653
Current seed:58
[9, 9, 9, 9]
0
-0.0132875
1
-0.0160816
2
-0.0126481
3
-0.0119628
4
-0.00834597
5
-0.0116167
6
-0.0234405
Current seed:59
[2, 2, 2, 2]
0
-0.00681328
1
-0.00446115
2
-0.00594537
3
-0.00468208
4
-0.00458292
5
-0.00609961
6
-0.00144363
7
-0.00124633
8
-0.00192863
9
0.000569716
10
0.0073472
Current seed:60
[9, 9, 9, 9]
0
0.00212189
1
-0.00689946
2
0.00260011
3
-0.00780162
4
0.00255851
5
-0.00685873
6
0.00228679
7
-0.00704054
8
0.00242692
9
-0.00718287
10
0.00133388
11
-0.0106193
12
0.000589982
13
-0.0118414
14
-0.000653712
15
-0.000844064
16
-0.000466111
17
-0.000346078
18
-0.000273809
19
-0.000343777
20
-0.000264261
21
-0.000320768
22
-0.000435104
23
-0.000101516
24
-0.000139383
25
-0.000270189
26
-0.000326685
27
-0.000304784
28
-0.000359617
29
-0.000125159
30
-0.000168523
31
-0.00017913
32
-0.000206161
33
6.40478e-05
34
-0.000373467
35
-2.36174e-05
36
-4.06844e-05
37
-5.53688e-05
38
-9.67177e-05
39
0.000143415
40
-0.00376415
41
-0.000578339
42
-0.000543032
43
-0.000854047
44
-0.00126405
45
-0.000749279
46
-0.000834595
47
-0.000918194
48
-0.000710971
49
-0.00044765
Current seed:61
[1, 1, 1, 8]
Current seed:62
[8, 8, 3, 8]
Current seed:63
[4, 4, 4, 4]
0
-0.018343
1
-0.0209734
2
-0.022855
3
-0.0223269
Current seed:64
[2, 2, 4, 2]
Current seed:65
[7, 7, 7, 7]
0
-0.00253891
1
-0.0023607
2
-0.00241922
3
-0.00226017
4
-0.00241303
5
-0.00135009
6
-0.00127789
7
-0.00191224
8
-0.00125689
9
-0.00210524
10
-0.00201907
11
-0.00301256
12
-0.0052407
13
-0.00496626
14
-0.00348517
15
-0.00302148
16
-0.00438654
17
-0.00291812
18
-0.0049544
19
-0.00532487
20
-0.00293891
21
0.00822443
22
0.0131747
Current seed:66
[8, 8, 8, 8]
0
-0.00681364
1
-0.00626369
2
-0.00671506
3
-0.00710569
4
-0.00746332
5
-0.00763363
6
-0.00705389
7
-0.00507236
8
-0.00629252
9
-0.00744407
10
-0.00834318
11
-0.0120023
Current seed:67
[5, 5, 5, 5]
0
-0.00221892
1
-0.00396997
2
-0.00406328
3
-0.00312962
4
-0.0030709
5
-0.0028236
6
-0.00306469
7
-0.00126665
8
-0.00113961
9
-0.00169709
10
-0.00176811
11
-0.00136745
12
-0.000702855
13
-0.00134929
14
-0.00126875
15
-0.00116859
16
-0.00137961
17
-0.00144424
18
-0.00141918
19
-0.00159086
20
-0.00138024
21
-0.00205402
22
-0.00236235
23
-0.00170029
24
-0.00209996
25
-0.00151701
26
-0.00128744
27
-0.000777887
28
-0.000547786
29
-0.000569422
30
-0.000508033
31
-0.000458956
32
-0.00042817
33
-0.000443364
34
-0.000438084
35
-0.000374065
36
-0.000276033
37
-0.000238299
38
-0.000225646
39
-0.00026906
40
-0.000122273
41
-0.000121598
42
-0.000209192
43
-0.000183928
44
-0.000213307
45
-0.000180885
46
-0.000167778
47
-0.000170537
48
-0.000151445
49
-0.000145811
Current seed:68
[6, 0, 6, 6]
Current seed:69
[4, 4, 4, 4]
0
0.00668772
Current seed:70
[2, 2, 2, 2]
0
-0.0176371
1
-0.0175566
2
-0.0168717
3
-0.0172861
4
-0.0176996
Current seed:71
[6, 6, 6, 6]
0
0.0043692
1
0.00402692
Current seed:72
[5, 5, 5, 5]
0
0.00591019
1
0.00250116
Current seed:73
[2, 2, 2, 2]
0
-0.0105125
1
-0.010286
2
-0.00896199
3
-0.00917389
4
-0.00679133
5
-0.00937544
6
-0.00243454
7
-0.0020107
8
-0.00231281
9
-0.00155137
10
-6.26658e-05
11
-0.000222816
12
-0.000563161
13
-0.000453404
14
0.000351205
15
-0.00790887
16
-0.00110287
17
-0.000619575
18
-0.000884515
19
-0.0003709
20
-0.000205087
21
-0.00130313
22
-0.00140883
23
-0.000286999
24
-0.00119779
25
-0.00525461
Current seed:74
[3, 7, 3, 3]
Current seed:75
[8, 8, 8, 8]
0
0.00780786
1
0.0164731
2
0.0318738
3
0.0271993
4
0.0344622
Current seed:76
[9, 9, 9, 9]
0
-0.0473002
1
-0.0605784
Current seed:77
[4, 4, 4, 4]
0
0.00604869
1
0.00300732
2
0.00287467
Current seed:78
[9, 9, 9, 9]
0
-0.0319248
1
-0.021436
2
-0.0121051
3
-0.0214823
Current seed:79
[0, 0, 0, 0]
0
0.0342528
Current seed:80
[0, 0, 0, 0]
0
0.00286127
1
0.00286466
2
-0.000838618
3
-0.00120325
4
-0.000281596
5
0.000202528
6
0.000256587
7
-0.0014932
8
0.00506212
9
-0.00440321
10
0.00120596
11
-0.00187985
12
0.005258
13
0.0012493
Current seed:81
[6, 6, 6, 6]
0
0.00561746
1
0.03293
Current seed:82
[5, 5, 5, 5]
0
0.00987326
Current seed:83
[3, 3, 3, 3]
0
-0.0143145
1
-0.01201
2
-0.00953464
3
-0.0137154
4
-0.0141996
5
-0.0199625
Current seed:84
[2, 2, 2, 2]
0
0.0108151
Current seed:85
[9, 9, 9, 9]
0
-0.0085816
1
-0.014873
2
-0.0120742
3
-0.0117515
4
-0.0139524
5
-0.0260861
Current seed:86
[3, 2, 3, 3]
Current seed:87
[2, 2, 2, 2]
0
0.00777409
1
0.00178442
Current seed:88
[6, 6, 6, 6]
0
-0.00809433
1
-0.013477
2
-0.0175631
3
-0.0244735
Current seed:89
[2, 2, 2, 2]
0
0.00227549
1
0.00678397
Current seed:90
[4, 4, 4, 4]
0
-0.00573846
1
-0.00380811
2
-0.00335863
3
-0.00221168
4
-0.00200136
5
-0.00166228
6
-0.00200714
7
-0.0021399
8
-0.0031576
9
-0.00332092
10
-0.00346197
11
-0.00219156
12
-0.00226287
13
-0.00188626
14
-0.00371231
15
-0.00269393
16
-0.00252906
17
-0.00355379
18
-0.00428452
19
-0.00400655
20
-0.00458291
21
-0.00385713
22
-0.0061092
Current seed:91
[9, 9, 9, 9]
0
0.0122378
Current seed:92
[3, 3, 3, 3]
0
-0.00594055
1
-0.00818249
2
-0.00717738
3
-0.00897089
4
-0.00789034
5
-0.00746414
6
-0.00964817
7
-0.0100527
8
-0.0101526
Current seed:93
[6, 6, 6, 6]
0
0.00617372
1
0.00467347
Current seed:94
[6, 6, 6, 6]
0
-0.00226357
1
-0.00173344
2
-0.00165073
3
-0.00177765
4
-0.00202634
5
-0.00199353
6
-0.00169164
7
-0.00143615
8
-0.00187799
9
-0.00263767
10
-0.00304476
11
-0.00355833
12
-0.00245254
13
-0.00274252
14
-0.00225577
15
-0.00203598
16
-0.00198432
17
-0.0027209
18
-0.00284831
19
-0.00252754
20
-0.00354489
21
-0.00284099
22
-0.0029912
23
-0.00185472
24
-0.000724764
25
-0.000565134
26
0.000542311
27
0.00193389
28
-0.000257468
29
0.000116873
30
-0.000789242
31
0.00157742
32
-0.00129238
33
0.000749405
34
-0.000730353
35
0.000512858
36
-0.000843832
37
0.00156579
38
-0.00181044
39
0.00182692
40
-0.00169875
41
0.00202239
42
-0.00120326
43
7.20047e-05
44
-0.000270013
45
0.000209907
46
-5.12869e-05
47
-7.06482e-05
48
0.000287125
49
-0.000619845
Current seed:95
[0, 0, 0, 0]
0
0.00738177
1
-0.00107766
2
-0.00396684
3
0.00514316
Current seed:96
[3, 3, 3, 3]
0
0.00608919
1
-0.00418955
2
0.000922419
3
-0.00149286
4
0.00242471
5
-0.00630924
6
0.00891341
7
0.11296
Current seed:97
[1, 1, 1, 1]
0
-0.018739
1
-0.014279
2
-0.0169393
3
-0.00107376
4
-0.00102607
5
-0.00156765
6
-0.000430931
7
0.00119322
8
0.00342313
Current seed:98
[0, 0, 0, 0]
0
-0.0116705
1
-0.0111783
2
-0.0114058
3
-0.0115026
4
-0.0141865
5
-0.00695434
6
0.00553546
Current seed:99
[9, 9, 9, 9]
0
0.0153882
Current seed:100
[5, 5, 5, 5]
0
-0.0380352
1
-0.0268637
2
-0.0272534
3
0.0103598
Current seed:101
[3, 3, 3, 3]
0
-0.0083289
1
-0.00864522
2
-0.00789729
3
-0.00713003
4
-0.00740083
5
-0.00753431
6
-0.00821872
7
-0.00708022
Current seed:102
[0, 0, 0, 0]
0
0.0113164
Current seed:103
[9, 9, 9, 9]
0
-0.00721763
1
-0.00740739
2
-0.00667359
3
-0.00689132
4
-0.00583082
5
-0.00523393
6
-0.00548842
7
-0.00381216
8
-0.00262981
9
-0.0031583
10
-0.00379312
11
-0.00277043
12
-0.00149424
13
-0.000891748
14
-0.00296614
15
-0.0047347
16
-0.00638359
17
-0.0156753
Current seed:104
[1, 1, 1, 1]
0
0.00702124
Current seed:105
[6, 6, 6, 6]
0
0.0127529
Current seed:106
[3, 3, 3, 3]
0
-0.033051
1
-0.0364876
2
-0.0343344
Current seed:107
[1, 1, 1, 1]
0
0.00234174
1
0.00683386
Current seed:108
[9, 9, 9, 9]
0
-0.0421201
1
-0.0154352
Current seed:109
[2, 2, 2, 2]
0
0.012678
Current seed:110
[5, 5, 5, 5]
0
0.00382653
1
-6.85806e-05
2
-0.000222269
3
0.00296402
4
0.000165653
5
0.000631507
6
-0.00323982
7
-0.000308198
8
0.000471865
9
-0.00127294
10
0.00411838
11
-0.000733622
12
0.00227408
13
-0.0120448
14
0.00470781
15
-0.00155664
16
0.00324811
17
-0.000195821
18
0.00412789
Current seed:111
[4, 4, 4, 4]
0
-0.00925802
1
-0.00957851
2
-0.00781799
3
-0.00484119
4
-0.00634191
5
-0.00800891
6
-0.00607055
7
-0.00558288
Current seed:112
[2, 2, 2, 2]
0
0.0204944
Current seed:113
[9, 9, 9, 9]
0
-0.0227395
1
-0.0208914
2
-0.0260216
3
-0.0238092
Current seed:114
[6, 6, 6, 6]
0
0.00230279
1
0.00111617
2
-0.00108959
3
-0.000272058
4
0.00114244
5
-0.000944175
6
-0.000228527
7
0.00114796
8
-0.000940083
9
0.00113156
10
-0.001091
11
-0.000230464
12
0.00114249
13
-0.000942041
14
-0.000233938
15
0.00114784
16
-0.000983584
17
0.00111513
18
-0.000972845
19
-0.000268943
20
0.00114239
21
-0.000942358
22
-0.000232807
23
0.00114842
24
-0.000984477
25
0.00112971
26
-0.000977235
27
-0.000272053
28
0.00115815
29
-0.000995897
30
0.00113239
31
-0.00108976
32
-0.000229243
33
0.0011491
34
-0.000943204
35
-0.000233662
36
0.00114675
37
-0.00098111
38
0.0011154
39
-0.000972245
40
-0.000268766
41
0.00114225
42
-0.000942399
43
-0.000233224
44
0.00114783
45
-0.00098414
46
0.00111492
47
-0.000976904
48
-0.000268731
49
0.00114244
Current seed:115
[3, 3, 3, 3]
0
0.00693362
1
0.17271
Current seed:116
[3, 3, 3, 3]
0
-0.0286679
1
-0.0284469
2
-0.0271698
Current seed:117
[3, 3, 3, 3]
0
0.000430818
1
0.001502
2
-0.000486041
3
0.00454074
4
0.0288153
Current seed:118
[6, 6, 6, 6]
0
0.00124477
1
0.000979708
2
0.000922373
3
0.0021813
4
0.00478657
Current seed:119
[0, 0, 0, 0]
0
0.0138031
Current seed:120
[9, 9, 9, 9]
0
-0.000220666
1
-1.74119e-05
2
-5.41015e-05
3
-0.000153491
4
-5.94954e-05
5
-2.8064e-05
6
-9.61662e-05
7
-4.24941e-05
8
-3.60751e-05
9
-0.00010237
10
-0.000316345
11
-0.000369779
12
-0.00144304
13
-0.00180405
14
-0.00107203
15
-0.00107248
16
-0.00180744
17
-0.00383631
18
-0.0037891
19
-0.00546091
20
-0.00780457
21
-0.00918433
22
-0.0147551
23
-0.0146572
24
-0.00464048
25
-0.00113084
26
0.0102184
Current seed:121
[8, 8, 8, 8]
0
-0.000307032
1
-0.000404947
2
-0.000881154
3
0.000383547
4
0.000276913
5
0.000186266
6
-0.000267557
7
0.000251911
8
-0.000263929
9
0.00082187
10
-0.00435284
11
0.0002468
12
0.00113792
13
-0.00230116
14
0.000758295
15
0.00207856
16
-0.00562676
17
-0.000627155
18
-0.00200473
19
-0.00322262
20
-0.00203646
21
-0.00258707
22
-0.00337573
23
-0.00406114
24
-0.00395673
25
-0.00317488
26
-0.00200314
27
-0.00183347
28
-0.000224539
29
-0.000344284
30
0.000514473
31
-6.18867e-05
32
-4.28059e-05
33
0.000375699
34
-0.00449702
35
-0.000631581
36
-0.00010542
37
-0.000259224
38
-0.000467493
39
-0.000901266
40
-0.000946381
41
-0.00137192
42
0.000533588
43
-0.00298525
44
0.00112283
Current seed:122
[3, 3, 3, 3]
0
-0.00279981
1
-0.00207778
2
-0.00257567
3
-0.00232809
4
-0.00288906
5
-0.00293626
6
-0.00232158
7
-0.00221381
8
-0.00484783
9
-0.0065779
10
-0.00795041
11
-0.0124601
12
-0.0158023
13
-0.0185285
Current seed:123
[2, 2, 2, 2]
0
0.00310052
1
0.00209054
2
0.0110315
Current seed:124
[2, 2, 2, 2]
0
0.00165265
1
0.00832308
Current seed:125
[0, 0, 0, 0]
0
0.00912649
Current seed:126
[4, 4, 4, 4]
0
0.0224847
Current seed:127
[8, 8, 8, 8]
0
-0.00146743
1
-0.00146701
2
-0.00146715
3
-0.00146884
4
-0.00146709
5
-0.0014657
6
-0.00146607
7
-0.00146558
8
-0.00146569
9
-0.00146541
10
-0.00146536
11
-0.00146567
12
-0.00146626
13
-0.00146773
14
-0.00146874
15
-0.00146915
16
-0.00146902
17
-0.00146784
18
-0.00146752
19
-0.00146797
20
-0.00146792
21
-0.00146882
22
-0.00146665
23
-0.00146618
24
-0.00146632
25
-0.00146698
26
-0.00146902
27
-0.00147026
28
-0.00146973
29
-0.00146802
30
-0.00146931
31
-0.00147059
32
-0.00147138
33
-0.00147392
34
-0.00147355
35
-0.00148021
36
-0.00148683
37
-0.00149248
38
-0.00149557
39
-0.00150449
40
-0.00151066
41
-0.00150767
42
-0.00152104
43
-0.00155802
44
-0.00156467
45
-0.00158856
46
-0.00158947
47
-0.00150033
48
-0.00126426
49
-0.00098273
Current seed:128
[7, 7, 7, 7]
0
0.00516772
1
-0.0104098
2
0.00247794
3
-0.00056903
4
0.00362534
5
-0.0117918
6
-0.000954665
7
-0.000215214
8
-0.000499551
9
7.60646e-05
10
0.000321008
11
0.00393121
12
-0.0087765
13
-0.00183773
14
-0.00293105
15
-0.00362795
16
-0.00608842
17
-0.00824298
18
-0.0055411
19
-0.0033452
20
-0.00305914
21
-0.00785865
22
-0.00747032
23
0.00260298
24
-0.0104745
25
0.0157606
Current seed:129
[5, 5, 5, 5]
0
0.000522215
1
-0.000443738
2
0.000528375
3
-0.000423391
4
0.000483915
5
-0.000421051
6
0.000261179
7
-0.000444911
8
0.000524643
9
-0.000426125
10
0.000455136
11
-0.000417585
12
0.000515167
13
-0.00039261
14
-0.000193496
15
0.000428801
16
-0.000427375
17
0.000428799
18
-0.000427413
19
0.000428803
20
-0.000427918
21
0.000428809
22
-0.000427932
23
0.000428809
24
-0.000427932
25
0.000428806
26
-0.000427941
27
0.000428807
28
-0.00042794
29
0.00042881
30
-0.000427942
31
0.000428791
32
-0.000427915
33
0.000428802
34
-0.000427917
35
0.0004288
36
-0.000427923
37
0.000428799
38
-0.000427957
39
0.000428747
40
-0.000427963
41
0.000447462
42
-0.000426123
43
0.000455164
44
-0.000417586
45
0.000515177
46
-0.000393116
47
-0.000193494
48
0.000428802
49
-0.000427374
Current seed:130
[6, 6, 6, 6]
0
-0.000457557
1
-0.000479641
2
-0.000481513
3
-0.000503973
4
-0.000217973
5
-0.00019437
6
0.000252198
7
0.000800546
8
-0.00238285
9
0.00156282
10
0.00102826
11
0.00065989
12
-0.00275921
13
0.00127495
14
-0.000234865
15
0.00112172
16
-0.000482809
17
-0.000885822
18
-0.00216281
19
0.00184069
20
0.00033922
21
-0.00169281
22
0.00141231
23
0.000297981
24
-0.00180251
25
0.00113946
26
0.00277357
27
-0.00749043
28
-0.00111647
29
-0.00159266
30
-0.000887717
31
0.000244924
32
-0.0011665
33
0.00119007
34
0.00120625
35
0.00321805
Current seed:131
[4, 4, 4, 4]
0
-0.00406047
1
-0.00404327
2
-0.00400368
3
-0.00405894
4
-0.00404955
5
-0.00407742
6
-0.00392799
7
-0.00391627
8
-0.00391004
9
-0.00394812
10
-0.00398526
11
-0.00396439
12
-0.00390999
13
-0.00393825
14
-0.00414863
15
-0.00438665
16
-0.00466127
Current seed:132
[6, 6, 6, 6]
0
0.0335305
Current seed:133
[1, 1, 1, 1]
0
-0.0620106
1
-0.0605675
Current seed:134
[7, 7, 7, 7]
0
0.00061424
1
0.000226914
2
0.000147004
3
0.000596489
4
0.00109767
5
-9.59027e-05
6
1.57977e-05
7
1.62605e-05
8
1.07069e-05
9
-0.000116675
10
0.000348878
11
-0.000185749
12
-2.46356e-05
13
-2.52815e-05
14
-4.95704e-05
15
2.11822e-05
16
2.38479e-05
17
-4.95108e-05
18
2.07965e-05
19
2.38777e-05
20
-5.51945e-05
21
2.1218e-05
22
2.29545e-05
23
-4.56383e-05
24
1.87688e-05
25
2.2921e-05
26
-4.5777e-05
27
1.91179e-05
28
2.08191e-05
29
2.38662e-05
30
-5.52255e-05
31
2.13087e-05
32
2.29666e-05
33
-5.10642e-05
34
1.91197e-05
35
2.28967e-05
36
2.38844e-05
37
-4.94986e-05
38
2.0827e-05
39
2.39161e-05
40
-5.52267e-05
41
2.12381e-05
42
2.29533e-05
43
-5.10648e-05
44
1.91185e-05
45
2.07899e-05
46
2.38723e-05
47
-5.50339e-05
48
2.23025e-05
49
2.4326e-05
Current seed:135
[2, 2, 2, 2]
0
-0.01554
1
-0.0179737
2
-0.0167311
3
-0.0251113
4
-0.0185524
Current seed:136
[5, 5, 5, 5]
0
0.0168272
Current seed:137
[7, 7, 7, 7]
0
0.00211015
1
0.00161499
2
0.00989266
Current seed:138
[7, 7, 7, 7]
0
-0.029981
1
-0.0292022
2
-0.0247918
Current seed:139
[2, 2, 2, 2]
0
-0.00446945
1
-0.00645005
2
-0.0148813
3
-0.0204442
4
-0.0206045
5
-0.0124075
6
-0.0101585
Current seed:140
[1, 1, 1, 1]
0
0.0285514
Current seed:141
[1, 1, 1, 1]
0
0.000715444
1
0.000763872
2
0.000626472
3
-7.51976e-05
4
-3.2504e-05
5
-8.03785e-05
6
0.00024161
7
-0.000373222
8
0.000229782
9
1.69958e-05
10
-0.000105765
11
0.000169777
12
-0.00014891
13
4.42406e-05
14
-2.51518e-05
15
8.16249e-06
16
-0.000111158
17
-0.000215855
18
-0.00033492
19
0.000255749
20
0.000297625
21
3.65206e-05
22
0.000203668
23
-6.44901e-06
24
-5.80662e-05
25
-5.42664e-05
26
5.35641e-05
27
-0.000130984
28
0.00022773
29
3.82945e-06
30
-6.18921e-05
31
-0.000308924
32
-1.3311e-05
33
-0.00096407
34
0.000840572
35
8.36539e-05
36
-0.000893471
37
0.000746907
38
0.000207109
39
0.000135048
40
0.000234397
41
-0.000154737
42
-2.96553e-05
43
0.000113408
44
-0.00024317
45
0.000116095
46
6.32586e-05
47
-5.40699e-05
48
-0.000113671
49
-5.35245e-05
Current seed:142
[0, 0, 0, 0]
0
-0.00281451
1
-0.00263664
2
-0.00195519
3
-0.00105991
4
-0.000418266
5
-0.000502637
6
-0.000188474
7
-4.38388e-05
8
-5.12415e-05
9
-5.11467e-05
10
-4.48837e-05
11
-4.82226e-05
12
-4.75268e-05
13
-5.82051e-05
14
-0.000131051
15
-0.000224319
16
-0.000326132
17
-0.000859241
18
-0.000767028
19
-0.000489836
20
-0.000575165
21
-0.000828685
22
-0.00106143
23
-0.00110542
24
-0.000923534
25
-0.00141451
26
-0.00106559
27
-0.00171148
28
-0.00159748
29
-0.00161248
30
-0.00151615
31
-0.000950043
32
-0.000299987
33
0.000332666
34
-0.000999933
35
0.000149882
36
-0.000263816
37
6.03403e-05
38
-0.000130125
39
6.08919e-05
40
-0.000231902
41
-0.000129602
42
-0.000117717
43
0.000247551
44
-0.000353982
45
0.000357841
46
-0.00133961
47
3.7543e-05
48
0.000202598
49
-0.000315456
Current seed:143
[3, 3, 3, 3]
0
-0.00434186
1
-0.0048437
2
-0.00422849
3
-0.00559243
4
-0.00698663
5
-0.00801042
6
-0.00874148
7
-0.00781953
8
-0.00820233
9
-0.00836353
10
-0.0109148
11
-0.00498742
Current seed:144
[6, 6, 6, 6]
0
0.00312737
1
0.00435083
2
-0.0113591
3
0.00487407
4
0.00314019
5
-0.0101971
6
0.00412517
7
0.00675097
Current seed:145
[6, 6, 6, 6]
0
-0.0666212
1
-0.0557292
Current seed:146
[2, 2, 3, 2]
Current seed:147
[4, 4, 4, 4]
0
0.0191271
1
-0.00790701
2
0.0056897
3
-0.00869269
4
0.0106416
5
-0.00947939
6
0.00764992
7
-0.00919458
8
0.0117145
9
-0.00782068
10
0.00970135
11
-0.0079387
Current seed:148
[7, 7, 7, 7]
0
-0.0201114
1
-0.0210479
2
-0.0185547
3
-0.0165523
Current seed:149
[9, 9, 9, 9]
0
0.00318448
1
0.0119652
Current seed:150
[3, 3, 3, 3]
0
0.00549525
1
0.00206412
2
5.59222e-05
3
8.2453e-05
4
-0.000462352
5
-6.28548e-05
6
0.000102534
7
-5.93825e-05
8
-6.35445e-05
9
0.000103015
10
-5.61287e-05
11
0.00010025
12
-6.76025e-05
13
-6.21676e-05
14
0.000104533
15
-5.97955e-05
16
-6.22618e-05
17
0.000102867
18
-5.61607e-05
19
0.000100187
20
-6.68405e-05
21
-6.23601e-05
22
0.000104537
23
-5.94269e-05
24
-6.20198e-05
25
0.000103746
26
-5.38855e-05
27
-6.0811e-05
28
0.00010127
29
-5.89463e-05
30
0.00010109
31
-6.09496e-05
32
-6.32039e-05
33
0.000103445
34
-5.66156e-05
35
-6.17031e-05
36
0.000102145
37
-5.80879e-05
38
0.000101162
39
-6.17887e-05
40
-6.26609e-05
41
0.000105373
42
-5.87268e-05
43
-6.20331e-05
44
0.000102606
45
-5.72495e-05
46
0.000101695
47
-6.68536e-05
48
-6.20445e-05
49
0.000104504
Current seed:151
[4, 4, 4, 4]
0
-0.00580057
1
-0.0031548
2
-0.00512191
3
-0.00642197
4
-0.00722422
5
-0.0111008
6
-0.0181928
7
-0.0277048
Current seed:152
[8, 8, 8, 8]
0
0.00274307
1
0.00296126
2
0.00146766
Current seed:153
[7, 7, 7, 7]
0
-0.00139945
1
-0.00182445
2
-0.00205339
3
-0.00199741
4
-0.00195163
5
-0.00263864
6
-0.00266203
7
-0.00372753
8
-0.00377725
9
-0.00322553
10
-0.00440229
11
-0.00193592
12
-0.00123623
13
-0.00125701
14
-0.000474206
15
-0.000497128
16
-0.000503059
17
-0.000367108
18
-0.000634292
19
-0.000194197
20
-0.000319528
21
-5.07392e-05
22
-5.30722e-05
23
-6.98469e-05
24
6.77758e-05
25
-0.000550756
26
0.000542129
27
-0.000807578
28
0.000103034
29
-0.000103126
30
0.000103037
31
-0.000103116
32
0.000103049
33
-0.000103111
34
0.000103096
35
-0.000103089
36
0.000103098
37
-0.000103082
38
0.000103106
39
-0.000103082
40
0.000103117
41
-0.000103066
42
0.000103135
43
-0.000103037
44
0.000103174
45
-0.000102982
46
0.000103251
47
-0.000101969
48
0.000102311
49
-0.000101729
Current seed:154
[9, 9, 9, 9]
0
-0.00100321
1
-0.0008395
2
-0.00083098
3
-0.00132675
4
-0.000394417
5
-0.000975331
6
-2.86794e-05
7
-3.87696e-06
8
-3.8553e-06
9
-3.83332e-06
10
-3.83697e-06
11
-3.86183e-06
12
-3.91338e-06
13
-3.90486e-06
14
-3.90365e-06
15
-1.62862e-05
16
-1.65497e-05
17
-1.74896e-05
18
-0.000366997
19
-0.000255427
20
-0.000181386
21
-8.57824e-05
22
-8.7245e-05
23
2.21436e-05
24
-6.52938e-05
25
2.33546e-05
26
-6.37136e-05
27
6.49584e-05
28
-0.000168387
29
5.94641e-05
30
-4.66914e-05
31
7.44423e-05
32
-0.000166912
33
2.19809e-05
34
0.000118978
35
2.73903e-05
36
-0.000574663
37
4.13865e-05
38
-1.24215e-05
39
-1.24799e-05
40
3.07638e-05
41
-1.25502e-05
42
-8.5709e-06
43
-1.36504e-05
44
2.83863e-05
45
-6.78223e-06
46
-8.52696e-06
47
-1.36214e-05
48
2.83847e-05
49
-6.82542e-06
Current seed:155
[9, 9, 9, 9]
0
-0.00240142
1
-0.00178093
2
-0.00135258
3
-0.00194263
4
-0.00120695
5
-0.00126731
6
-0.000953253
7
-0.0014663
8
-0.0014336
9
-0.00218635
10
-0.00177104
11
-0.00192226
12
-0.0025327
13
-0.00530205
14
-0.00556164
15
-0.00630952
16
-0.00327751
17
-0.00315234
18
-0.00310258
19
-0.00260082
20
-0.00267954
21
-0.0013444
22
2.88122e-05
23
0.000377971
24
-0.00152053
25
0.000713384
26
-0.00174639
27
0.00172464
28
-0.00468421
29
0.00663992
Current seed:156
[3, 3, 3, 3]
0
-0.0141357
1
-0.0152423
2
-0.0176706
3
-0.0265317
Current seed:157
[0, 0, 0, 0]
0
0.00468725
1
0.00493673
Current seed:158
[7, 7, 7, 7]
0
-0.00908413
1
-0.00993746
2
-0.00886374
3
-0.0105138
4
-0.0104331
5
-0.0104234
6
-0.00893246
7
-0.00676862
8
-0.00757503
9
-0.00333208
Current seed:159
[1, 1, 1, 1]
0
-0.00451482
1
-0.00354455
2
-0.00309706
3
-0.00535556
4
-0.00351972
5
-0.00367198
6
-0.000473541
7
-1.67136e-06
8
-1.6744e-06
9
1.31769e-05
10
-0.000481627
11
-0.00109233
12
0.000711246
13
-0.00174133
14
4.20304e-06
15
-1.64428e-05
16
2.52134e-05
17
0.000287732
18
-0.00027684
19
0.000194218
20
-0.00111613
21
-0.0004271
22
-0.000223787
23
-0.000177888
24
-9.76472e-05
25
-0.000157712
26
-0.000106608
27
-0.00101066
28
0.00072515
29
-0.00112077
30
0.00119998
31
-0.00173491
32
0.00153989
33
-0.00162511
34
0.00161228
35
-0.00230452
36
0.00238366
37
-0.00582481
38
-0.000284265
39
-0.00116657
40
9.84115e-06
41
-0.000204574
42
-0.000105064
43
-0.000254779
44
-0.000950499
45
-0.00153784
46
-0.000650556
47
-0.00021818
48
-0.00113183
49
-0.0026347
Current seed:160
[5, 5, 5, 5]
0
0.0105772
Current seed:161
[4, 4, 4, 4]
0
-0.0027119
1
-0.00335774
2
-0.00274045
3
-0.00201331
4
-0.00285404
5
-0.00151368
6
-0.00163074
7
-0.00168321
8
-0.00177278
9
-0.00142464
10
-0.00157953
11
-0.00188025
12
-0.0018556
13
-0.00204077
14
-0.00215274
15
-0.00210523
16
-0.000901279
17
-0.000701483
18
-0.000658868
19
-0.000739685
20
-0.000741733
21
-0.000730626
22
-0.000693436
23
-0.000691879
24
-0.00120698
25
-0.000830312
26
-0.00108035
27
-0.00141939
28
-0.00154406
29
-0.00218538
30
-0.0025089
31
-0.00232743
32
-0.00263923
33
-0.00261963
34
-0.00254977
35
-0.00296597
Current seed:162
[7, 7, 7, 7]
0
-0.000755217
1
-0.000760895
2
-0.000760124
3
-0.00075954
4
-0.000758909
5
-0.000758883
6
-0.000758973
7
-0.000757061
8
-0.000756898
9
-0.000757496
10
-0.000755667
11
-0.000754842
12
-0.000752489
13
-0.000752489
14
-0.000751611
15
-0.000749256
16
-0.000757126
17
-0.000756239
18
-0.000755987
19
-0.000753465
20
-0.000753915
21
-0.000762993
22
-0.000761592
23
-0.00076154
24
-0.000762228
25
-0.000761529
26
-0.000759867
27
-0.000758186
28
-0.000757546
29
-0.000755789
30
-0.000756379
31
-0.000750657
32
-0.000750353
33
-0.00074862
34
-0.000738693
35
-0.000735638
36
-0.000733458
37
-0.000728034
38
-0.000729873
39
-0.000721218
40
-0.000713971
41
-0.000710709
42
-0.000710443
43
-0.000707905
44
-0.000709779
45
-0.00071279
46
-0.000711049
47
-0.00070631
48
-0.000694881
49
-0.000690116
Current seed:163
[2, 2, 2, 2]
0
-0.00121471
1
0.000701187
2
0.0022326
3
0.000737415
4
-0.00193145
5
0.00266195
6
-0.00606371
7
0.00409882
8
-0.00485354
9
0.00517951
10
-0.022964
11
0.00305706
12
0.000641169
13
0.00457904
Current seed:164
[6, 6, 6, 6]
0
0.009698
Current seed:165
[7, 7, 7, 7]
0
-0.0165044
1
-0.0158944
2
-0.0193172
3
-0.0319468
Current seed:166
[8, 8, 8, 8]
0
0.00224028
1
0.00238127
2
0.00229406
3
0.00239014
4
0.00248726
5
0.010271
6
0.00481757
7
0.00498456
8
0.00482124
9
0.00413628
10
0.00242638
11
0.00223746
12
0.00329717
13
0.00437637
14
0.00435039
15
0.00405597
16
0.00452269
17
0.00414636
18
0.00399665
19
0.00340797
20
0.00339362
21
0.00333934
Current seed:167
[4, 4, 4, 4]
0
-0.00122101
1
-0.00127271
2
-0.00131812
3
-0.00128612
4
-0.00132433
5
-0.00139091
6
-0.001404
7
-0.00140883
8
-0.00136862
9
-0.00130039
10
-0.00123372
11
-0.00117553
12
-0.00113646
13
-0.00116803
14
-0.00112747
15
-0.00110082
16
-0.000931032
17
-0.00094752
18
-0.000848754
19
-0.00113469
20
-0.00111529
21
-0.00109211
22
-0.0011
23
-0.00108951
24
-0.00112064
25
-0.0011789
26
-0.00115898
27
-0.00111972
28
-0.00104582
29
-0.00118644
30
-0.00111042
Current seed:168
[9, 9, 9, 9]
0
0.00539856
1
0.0630312
Current seed:169
[6, 6, 6, 6]
0
0.00383721
1
-0.00597507
2
0.0048955
3
-0.0136359
4
0.00545478
5
-0.0243766
6
0.00386164
7
0.00880337
Current seed:170
[7, 7, 7, 7]
0
-0.0116096
1
-0.0105811
2
-0.00736653
3
-0.00741211
4
-0.00739213
5
-0.00753265
6
-0.00834747
7
-0.00757882
8
-0.00766735
9
-0.00767685
Current seed:171
[3, 3, 3, 3]
0
-0.00113413
1
-0.00164663
2
-0.00212605
3
-0.0016205
4
-0.00186646
5
-0.000807789
6
-0.000975565
7
-0.00188587
8
-0.0023262
9
-0.00145293
10
-0.000626835
11
-0.000711563
12
-0.000751354
13
-0.000245818
14
-7.70515e-05
15
-5.03908e-05
16
-1.17767e-05
17
-1.33251e-05
18
-1.33928e-05
19
-1.29079e-05
20
-1.29073e-05
21
4.56814e-05
22
-0.000241098
23
2.97587e-05
24
-0.000252654
25
0.000151062
26
-0.000801169
27
0.000462318
28
0.00331035
29
0.000889834
30
-0.0017227
31
0.00560988
32
-0.0103636
33
6.67073e-05
34
1.89908e-05
35
-0.000163888
36
-2.52455e-06
37
-2.52236e-06
38
-2.52425e-06
39
-2.52632e-06
40
-2.52668e-06
41
-2.52894e-06
42
-3.47467e-06
43
-3.47838e-06
44
-3.47361e-06
45
-3.47754e-06
46
-3.48235e-06
47
-3.48241e-06
48
-3.48662e-06
49
-3.48459e-06
Current seed:172
[7, 7, 7, 7]
0
0.00112982
1
-0.000930952
2
0.000694114
3
-0.00100955
4
0.00115744
5
-0.000943965
6
0.000691261
7
-0.000884694
8
0.00120214
9
-0.000705394
10
-0.000136089
11
0.000136076
12
-0.000136098
13
0.000136076
14
-0.000136098
15
0.000136076
16
-0.000136098
17
0.000136076
18
-0.000136096
19
0.000136076
20
-0.000136097
21
0.000136077
22
-0.000136098
23
0.000136076
24
-0.000136098
25
0.000136076
26
-0.000136098
27
0.000136076
28
-0.000136097
29
0.000136075
30
-0.000136096
31
0.000136077
32
-0.000136098
33
0.000136076
34
-0.000136096
35
0.000136076
36
-0.000136095
37
0.000136075
38
-0.000136098
39
0.000136076
40
-0.000136098
41
0.000136076
42
-0.000136097
43
0.000136076
44
-0.000136096
45
0.000136075
46
-0.000136096
47
0.000136075
48
-0.000136097
49
0.000136076
Current seed:173
[3, 3, 3, 3]
0
0.0101085
1
0.0185755
Current seed:174
[8, 8, 8, 8]
0
-0.0235375
1
-0.0170916
Current seed:175
[5, 5, 5, 5]
0
-0.00756822
1
-0.00740411
2
-0.00741661
3
-0.00794005
4
-0.00771463
5
-0.00743825
6
-0.00999263
7
-0.0105204
8
-0.0112867
9
-0.0119049
10
-0.00735314
Current seed:176
[3, 3, 3, 3]
0
-0.0186528
1
-0.0132835
2
-0.0110388
3
-0.0123502
4
-0.00731751
5
0.000603544
6
-0.00228822
7
-0.000294087
8
-0.000377383
9
-0.00261997
10
-0.00327541
11
0.000202174
12
-0.00323613
13
0.00138659
14
-0.00294224
Current seed:177
[2, 2, 2, 2]
0
-0.0145001
1
-0.0104918
2
-0.0139024
3
-0.0155692
4
-0.0136095
5
-0.0142657
Current seed:178
[1, 1, 1, 1]
0
-4.99498e-06
1
-4.8539e-06
2
-4.65402e-06
3
-4.58049e-06
4
-4.50344e-06
5
-4.49237e-06
6
-4.50481e-06
7
-4.38845e-06
8
-4.36625e-06
9
-4.32995e-06
10
-8.7296e-06
11
-8.58003e-06
12
-8.59781e-06
13
-8.40444e-06
14
-1.46101e-05
15
-1.5055e-05
16
-1.51152e-05
17
-1.54708e-05
18
-1.54624e-05
19
-1.56743e-05
20
-1.65835e-05
21
-1.66419e-05
22
-1.66145e-05
23
-1.64933e-05
24
-2.08961e-05
25
-2.09735e-05
26
-2.14181e-05
27
-5.63366e-05
28
6.85031e-05
29
-0.000288398
30
3.30149e-05
31
0.000442398
32
-0.001212
33
0.000225545
34
0.00178518
35
0.0168583
Current seed:179
[1, 1, 1, 1]
0
-0.00657004
1
-0.00560511
2
-0.00500581
3
-0.00476445
4
-0.00355522
5
-0.00344394
6
-0.00126735
7
-0.000874685
8
-0.000700437
9
-0.00105837
10
-0.00092122
11
-0.00140179
12
-0.00126235
13
-0.00126486
14
-0.000573573
15
-0.000271255
16
-0.000226319
17
9.86822e-06
18
6.33169e-05
19
-1.43811e-06
20
-5.65301e-06
21
0.000139899
22
-0.000810475
23
-0.000216234
24
-0.000170965
25
0.000154291
26
-0.000436048
27
0.000138358
28
-0.000518768
29
0.00054528
30
0.00178906
31
0.00025557
32
-0.00146907
33
0.00246357
34
0.000472447
35
-0.00573755
36
0.000610649
37
0.00137431
38
0.00160659
39
-0.00059436
40
-0.00117595
41
-0.0011124
42
0.00230331
43
-0.000395375
44
-0.00166435
45
0.00173045
46
-0.00196957
47
0.00229859
48
-0.000393207
49
-0.00167091
Current seed:180
[1, 1, 1, 1]
0
-0.0641055
1
-0.0632303
Current seed:181
[6, 6, 6, 6]
0
0.00790739
1
-0.109698
Current seed:182
[1, 1, 1, 1]
0
-0.00922041
1
-0.00917119
2
-0.0090218
3
-0.00892027
4
-0.00886217
5
-0.00897166
6
-0.00916519
7
-0.00787853
8
-0.00536706
9
-0.00402939
Current seed:183
[1, 1, 1, 1]
0
0.00420843
1
0.014018
Current seed:184
[0, 0, 0, 0]
0
-0.0278692
1
-0.0258838
2
-0.0175089
Current seed:185
[5, 5, 5, 5]
0
-0.0156672
1
-0.0160941
2
-0.0214357
3
-0.0160224
4
-0.00263582
5
0.0053129
6
0.0358602
Current seed:186
[4, 4, 4, 4]
0
-0.0406232
1
-0.038236
Current seed:187
[4, 4, 4, 4]
0
-0.00728141
1
-0.00515562
2
-0.00737478
3
-0.00337191
4
-0.00388057
5
-0.00804286
6
-0.00958684
7
-0.00961855
8
-0.00578138
Current seed:188
[6, 6, 6, 6]
0
0.032347
Current seed:189
[2, 2, 2, 2]
0
-0.00169813
1
-0.00215321
2
-0.00224792
3
-0.00186745
4
-0.00180818
5
-0.00169537
6
-0.00123738
7
-0.0011793
8
-0.00155268
9
-0.000991951
10
-0.00106934
11
-0.00124041
12
-0.00128458
13
-0.00130371
14
-0.000757153
15
-0.000708126
16
-0.000207257
17
-0.000150123
18
-0.000282109
19
-0.000323509
20
-0.000381891
21
-0.00029718
22
-0.000470363
23
-0.000445644
24
-0.000664645
25
-0.000784115
26
-0.000574687
27
-0.00140336
28
-0.00191872
29
-0.00126998
30
-0.0012692
31
-0.00114974
32
-0.00117507
33
-0.00107228
34
-0.000715733
35
-0.000674428
36
-0.000413258
37
-0.000333158
38
-6.46054e-05
39
-7.6564e-05
40
5.2165e-05
41
3.61411e-05
42
-0.000142994
43
4.30625e-05
44
4.92365e-05
45
-0.000126656
46
4.13735e-05
47
4.83442e-05
48
-5.15951e-05
49
1.8492e-05
Current seed:190
[7, 7, 7, 7]
0
-0.0069544
1
-0.00754152
2
-0.00664925
3
-0.00465188
4
-0.00305732
5
-0.00319609
6
-0.00229659
7
-0.00235034
8
-0.00124284
9
-0.00187198
10
-0.00212344
11
-0.00210121
12
-0.00357008
13
-0.00518378
14
-0.00525072
15
-0.00380203
16
-0.00469548
17
-0.0059766
18
-0.00379818
19
-0.00279049
20
-0.00258492
21
-0.000376891
22
0.000867823
23
-0.00188174
24
-0.00300903
Current seed:191
[9, 9, 9, 9]
0
-9.6313e-06
1
-9.69106e-06
2
-9.71206e-06
3
-9.65692e-06
4
-9.65602e-06
5
-9.67906e-06
6
-9.68359e-06
7
-9.67826e-06
8
-9.66705e-06
9
-9.63215e-06
10
-9.6126e-06
11
-9.60475e-06
12
-9.65096e-06
13
-9.63666e-06
14
-9.62203e-06
15
-9.65252e-06
16
-9.72303e-06
17
-9.65484e-06
18
-9.65619e-06
19
-9.59965e-06
20
-9.54044e-06
21
-9.46023e-06
22
-9.46362e-06
23
-9.4292e-06
24
-9.40673e-06
25
-9.38002e-06
26
-9.38161e-06
27
-9.74475e-06
28
-9.65217e-06
29
-9.52428e-06
30
-9.52791e-06
31
-9.53551e-06
32
-9.55733e-06
33
-9.49444e-06
34
-9.51593e-06
35
-9.52486e-06
36
-9.50503e-06
37
-9.46095e-06
38
-9.46326e-06
39
-9.51935e-06
40
-9.52136e-06
41
-9.624e-06
42
-9.6353e-06
43
-9.60981e-06
44
-9.56726e-06
45
-9.56751e-06
46
-9.57438e-06
47
-9.58888e-06
48
-9.62844e-06
49
-9.63987e-06
Current seed:192
[3, 3, 3, 3]
0
-0.0118678
1
-0.00630826
2
-0.000938034
3
-0.000389894
4
-0.00148977
5
0.00147655
6
-0.00851954
7
0.00194419
8
-0.00342585
9
0.00190959
10
-0.00411138
11
-0.000896743
12
0.000466629
13
-0.00236485
14
-0.00170511
15
-0.00289059
16
-0.00485907
17
-0.00111675
18
-0.000768745
19
0.000175389
20
-0.00103234
21
-0.00573423
22
-0.0136138
Current seed:193
[8, 8, 8, 8]
0
0.0027556
1
0.00558351
Current seed:194
[4, 6, 4, 6]
Current seed:195
[1, 1, 1, 1]
0
0.024408
Current seed:196
[3, 3, 3, 3]
0
-0.000549864
1
-0.000534159
2
-0.000432062
3
-0.000495499
4
-0.000792532
5
-0.000761749
6
-0.000824892
7
-0.00148504
8
-0.00275571
9
-0.00416838
10
-0.00292104
11
-0.00283263
12
-0.00189262
13
-0.00187732
14
-0.00175459
15
-0.00247325
16
-0.0011536
17
-0.00119794
18
-0.000888948
19
-0.000356414
20
-8.5709e-06
21
-8.57212e-06
22
-8.5855e-06
23
4.76959e-06
24
4.76716e-06
25
4.7781e-06
26
4.76472e-06
27
-0.000239474
28
3.01745e-05
29
0.000184281
30
-0.000944991
31
-7.82281e-06
32
-7.82281e-06
33
-2.39757e-06
34
4.06163e-06
35
-2.1926e-05
36
-4.58031e-05
37
-6.57573e-05
38
-0.000228714
39
-0.000269087
40
-0.000324799
41
-0.00110955
42
-0.000336612
43
0.00058773
44
-0.00161101
45
-0.000749137
46
-0.000580333
47
-0.000702796
48
0.000342545
49
-0.000393045
Current seed:197
[7, 7, 7, 7]
0
-0.00597692
1
-0.00441052
2
-0.004151
3
-0.00286526
4
-0.0027
5
-0.000737077
6
-0.000952026
7
-0.000439965
8
-0.000151387
9
-0.000235977
10
-0.000124249
11
-0.000160356
12
0.000282556
13
-0.000672396
14
0.000389776
15
-0.000789559
16
-5.94754e-05
17
-0.000113758
18
2.91914e-05
19
-9.69668e-05
20
-7.87226e-05
21
0.000173781
22
-3.70564e-06
23
-3.67387e-05
24
0.000193984
25
-0.000401308
26
0.000372455
27
-0.000566838
28
0.000331512
29
-6.38484e-05
30
0.000166448
31
-0.000296195
32
0.000476212
33
-0.000151767
34
-0.00018076
35
-4.09269e-05
36
9.09919e-05
37
-6.38482e-05
38
0.000166447
39
-0.000298564
40
0.00052798
41
-0.000171408
42
-0.000172317
43
-8.41136e-05
44
5.89913e-05
45
-1.64653e-05
46
5.22026e-05
47
-9.51744e-05
48
5.54347e-05
49
-5.37016e-05
Current seed:198
[6, 6, 6, 6]
0
0.00520176
1
0.00156074
2
-0.0107475
3
0.00460217
4
0.00646801
Current seed:199
[3, 3, 3, 3]
0
-0.0321302
1
-0.0456523
2
-0.0679129
Current seed:200
[4, 4, 4, 4]
0
-0.00520919
1
-0.00544083
2
-0.00450746
3
-0.00378205
4
-0.00525057
5
-0.00524043
6
-0.00672707
7
-0.00577713
8
-0.00288262
9
-0.00239468
10
0.000599057
11
0.000840915
12
-0.000227362
13
-0.00146386
14
-0.000728066
15
-0.00118916
16
-0.00139366
17
-0.00355591
Current seed:201
[2, 2, 2, 2]
0
0.00270551
1
0.0031511
2
0.00795079
Current seed:202
[6, 6, 6, 6]
0
-0.00788005
1
-0.00827458
2
-0.00846534
3
-0.00893112
4
-0.00895301
5
0.00164507
6
0.00204064
7
-0.0017422
8
0.00138476
9
-0.00151794
10
0.00145506
11
-0.00141905
12
0.00155691
13
-0.00176271
14
0.00204334
15
-0.00174397
16
0.00138165
17
-0.00151329
18
0.00145635
19
-0.00141892
20
0.0015568
21
-0.00176316
22
0.00204279
23
-0.00174305
24
0.00138057
25
-0.00150951
26
0.00145608
27
-0.00141966
28
0.0015569
29
-0.00176319
30
0.00204335
31
-0.00174322
32
0.00138163
33
-0.00151331
34
0.00145634
35
-0.00141904
36
0.00155692
37
-0.0017627
38
0.00204335
39
-0.00174322
40
0.00138164
41
-0.0015133
42
0.00145634
43
-0.00141904
44
0.00155692
45
-0.0017627
46
0.00204335
47
-0.00174322
48
0.00138164
49
-0.0015133
Current seed:203
[0, 0, 0, 0]
0
0.0139129
Current seed:204
[8, 8, 8, 8]
0
-0.00558445
1
-0.00558313
2
-0.00483532
3
-0.00519371
4
-0.00548202
5
-0.00594164
6
-0.00652504
7
-0.00652227
8
-0.00568528
9
-0.00616968
10
0.00812337
11
-0.0297543
12
-0.00921
Current seed:205
[8, 8, 8, 8]
0
0.00464628
1
0.0421824
2
-0.0019149
3
-0.00230549
4
-0.0034811
5
-0.00255883
6
-0.00558572
7
-0.00729328
8
-0.00225184
9
-0.00119175
10
-0.000166454
11
-8.11754e-05
12
-9.28421e-05
13
-0.000173525
14
-0.000274083
15
0.000463487
16
-7.45314e-05
17
0.000220384
18
-7.5052e-05
19
-0.000159065
20
0.000207913
21
-0.000292464
22
-0.000226622
23
-1.30279e-05
24
-4.5291e-05
25
0.000462229
26
-8.67953e-05
27
0.000175858
28
-7.51566e-05
29
-0.000172784
30
-0.000164094
31
4.04874e-05
32
-5.69747e-05
33
4.90254e-05
34
-6.37283e-05
35
-7.32699e-05
36
-0.00010009
37
0.000394492
38
-1.12884e-06
39
-1.10816e-06
40
-8.7648e-05
41
-0.000131271
42
-7.32675e-05
43
-0.000100093
44
0.000394492
45
-1.41713e-06
46
-1.10938e-06
47
-8.98911e-05
48
-9.63418e-05
49
3.38822e-05
Current seed:206
[1, 1, 1, 1]
0
0.00487629
1
0.023683
Current seed:207
[3, 3, 3, 3]
0
0.0179074
1
-0.0106216
2
-0.0208775
3
0.0182235
4
-0.00931048
5
-0.0590947
Current seed:208
[7, 7, 7, 7]
0
0.00629541
1
-0.0281424
2
0.00668241
3
-0.0539468
4
0.00959762
Current seed:209
[6, 6, 6, 6]
0
-0.0361426
1
-0.0360282
Current seed:210
[6, 6, 6, 6]
0
-0.00244851
1
-0.00208731
2
-0.000902786
3
-0.000897255
4
-0.00135643
5
-5.34964e-05
6
-8.64101e-05
7
-0.000172735
8
-0.000136924
9
-0.000251128
10
-0.000413498
11
-0.000501345
12
-0.000465671
13
-0.000205792
14
-0.000171148
15
-0.000230083
16
-3.50641e-05
17
-3.50365e-05
18
-3.43372e-05
19
-0.000139061
20
-0.000153926
21
-7.5631e-05
22
-7.48195e-05
23
-5.99629e-05
24
-0.000111636
25
-0.000111529
26
-0.00011515
27
-0.000135711
28
5.01784e-06
29
3.73729e-06
30
-0.000838944
31
-0.000690594
32
-0.000770123
33
-0.000879507
34
-0.000826963
35
-0.000778363
36
0.000125362
37
-0.00191939
38
-0.00029949
39
-0.000239934
40
-0.000240913
41
-0.000270425
42
-0.000220306
43
-4.34345e-05
44
-0.00018894
45
-0.000266003
46
-0.000226595
47
-8.58523e-05
48
-9.06442e-05
49
-8.26608e-05
Current seed:211
[4, 4, 4, 4]
0
-0.000736394
1
6.53104e-05
2
0.000261229
3
-0.000952831
4
-0.000517488
5
-0.000619456
6
-0.000875815
7
-0.00164604
8
-0.000917606
9
-0.000371299
10
0.000377453
11
0.000885026
12
0.000784196
13
0.00126964
14
0.00195346
15
-0.00123164
16
0.00235244
17
-0.00164035
18
0.00138819
19
-0.00278237
20
0.00180306
21
-3.94952e-05
22
0.000198513
23
-0.000984294
24
0.00187432
25
-0.00338232
26
0.00153402
27
0.002428
28
-0.00144089
29
-0.00148163
30
0.00192788
31
-0.00107292
32
0.00158395
33
-0.00287509
34
0.00179255
35
-0.000978171
36
0.00155031
37
-0.00106831
38
0.00150616
39
-0.00283144
40
0.00156139
41
-5.59233e-05
42
0.000872676
43
-0.00109202
44
0.00185841
45
-0.00198331
46
0.00245526
47
-9.83735e-05
48
5.04267e-06
49
0.000180022
Current seed:212
[1, 1, 1, 1]
0
-0.021731
1
-0.0226522
2
-0.0202125
3
-0.0168401
Current seed:213
[8, 8, 8, 8]
0
-0.00604122
1
-0.00350108
2
-0.00208756
3
-0.00172251
4
0.000113897
5
-0.000343766
6
0.000149485
7
-0.000454696
8
2.51907e-05
9
-2.52167e-05
10
2.51979e-05
11
-2.5218e-05
12
2.51911e-05
13
-2.52177e-05
14
2.51983e-05
15
-2.52183e-05
16
2.51984e-05
17
-2.5217e-05
18
2.51994e-05
19
-2.52188e-05
20
2.51981e-05
21
-2.52185e-05
22
2.51987e-05
23
-2.52174e-05
24
2.51982e-05
25
-2.52187e-05
26
2.51985e-05
27
-2.52183e-05
28
2.51985e-05
29
-2.52183e-05
30
2.51988e-05
31
-2.52168e-05
32
2.5199e-05
33
-2.52177e-05
34
2.51975e-05
35
-2.52175e-05
36
2.51991e-05
37
-2.52172e-05
38
2.51986e-05
39
-2.52167e-05
40
2.51982e-05
41
-2.52177e-05
42
2.51981e-05
43
-2.52172e-05
44
2.52005e-05
45
-2.52168e-05
46
2.52004e-05
47
-2.52166e-05
48
2.5199e-05
49
-2.52169e-05
Current seed:214
[1, 1, 1, 1]
0
0.0139622
Current seed:215
[0, 0, 0, 0]
0
-0.00365058
1
-0.00241495
2
-0.00306935
3
-0.00230914
4
-0.0021017
5
-0.00382951
6
-0.00466012
7
-0.00657365
8
-0.00931361
9
-0.0146263
10
-0.0214362
Current seed:216
[7, 7, 3, 3]
Current seed:217
[8, 8, 8, 8]
0
0.00444005
1
0.00565721
2
0.00444247
3
0.00502296
4
0.00449277
Current seed:218
[3, 3, 3, 3]
0
0.0413092
Current seed:219
[0, 0, 0, 0]
0
-0.0370546
1
-0.051411
Current seed:220
[8, 8, 8, 8]
0
-0.00585639
1
-0.00535857
2
-0.00617063
3
-0.00579208
4
-0.00713571
5
-0.00752822
6
-0.00417765
7
-0.00218983
8
-0.00244924
9
-0.000291849
10
-0.00127381
11
-0.00188922
12
-0.00222704
13
-0.00055741
14
-2.39185e-05
15
-0.000109922
16
-0.000434209
17
-0.000747638
18
0.000116768
19
0.00266459
20
-0.00722369
21
0.00143726
22
0.000506168
23
0.00463514
24
-0.00591296
25
0.00184427
26
0.00685655
Current seed:221
[3, 3, 3, 3]
0
0.00807289
1
-0.0450343
2
0.0078493
3
-0.0439357
Current seed:222
[8, 8, 8, 8]
0
0.00964434
Current seed:223
[0, 0, 0, 0]
0
0.0127851
Current seed:224
[8, 8, 8, 8]
0
0.00557815
1
0.0257645
2
0.0186664
3
0.019397
4
0.0270381
Current seed:225
[2, 2, 2, 2]
0
-0.0211243
1
-0.0293802
2
-0.0310255
Current seed:226
[3, 3, 3, 3]
0
-0.00271213
1
-0.00302867
2
-0.00393867
3
-0.00323219
4
-0.000845127
5
-0.000799066
6
-0.000783319
7
-0.000910345
8
-0.000702385
9
-0.000756452
10
-0.000753006
11
-0.000706047
12
-0.000655908
13
-0.000681405
14
-0.00119808
15
-0.00067657
16
-0.000930755
17
-0.00107367
18
-0.00137425
19
-0.00151121
20
-0.0015766
21
-0.00162418
22
-0.00152504
23
-0.00147065
24
-0.00182276
25
-0.00121025
26
-0.00108249
27
-0.00119645
28
-0.000530189
29
-0.00143708
30
-0.0015713
31
-0.00275793
32
-0.0021901
33
-0.0021082
34
-0.00324989
35
0.000126523
36
-0.00108723
37
-0.000255172
38
-0.000208003
39
0.000120041
40
-0.00188746
41
-0.00132833
42
-0.00220714
43
-0.00259793
44
-0.00407791
45
-0.00419883
46
-0.00482686
Current seed:227
[2, 2, 2, 2]
0
0.0125496
Current seed:228
[2, 2, 2, 2]
0
-0.00499819
1
-0.00435823
2
-0.00351881
3
-0.00176059
4
-0.00274505
5
-0.00255035
6
0.00110809
7
-0.00119415
8
0.000764673
9
0.00029284
10
-0.000760502
11
-0.000553795
12
0.00305799
13
-0.000410469
14
0.000609628
15
-0.00474825
16
0.00238884
17
-0.00322942
18
0.00340486
19
0.000596458
20
0.00219198
21
0.0486965
Current seed:229
[6, 6, 6, 6]
0
0.00949045
Current seed:230
[1, 1, 1, 1]
0
-0.00505937
1
-0.00490017
2
-0.00362309
3
-0.00428278
4
-0.00366361
5
-0.00274606
6
-0.000641413
7
-0.000666448
8
-0.00115044
9
-0.00127357
10
-0.000664673
11
-0.000527521
12
3.93128e-05
13
-0.000546326
14
9.30574e-05
15
-0.000492212
16
0.000215912
17
-0.00059085
18
0.000158091
19
-0.000130444
20
7.02075e-05
21
-0.00016505
22
-2.79142e-05
23
-2.80482e-05
24
-2.87079e-05
25
-1.16729e-05
26
-1.16946e-05
27
-1.15695e-05
28
-5.35685e-05
29
-5.35098e-05
30
-0.000125457
31
-0.000214664
32
-0.000301961
33
0.000593181
34
0.000301874
35
-0.000897424
36
0.000593189
37
0.000301677
38
-0.00089746
39
0.000591953
40
0.000174154
41
-0.000814875
42
0.000592763
43
0.000194042
44
-0.0006098
45
-0.000785117
46
0.00020265
47
0.000724229
48
-0.000390164
49
-0.000205784
Current seed:231
[3, 3, 3, 3]
0
0.00669229
1
-0.0108406
2
0.00550806
3
-0.00277211
4
0.00482068
5
-0.0277699
6
-0.0103301
7
-0.00658549
8
-0.00708817
9
-0.0111126
10
-0.0110132
Current seed:232
[8, 8, 8, 8]
0
0.0141758
1
0.0237813
2
0.025319
3
0.0237241
Current seed:233
[4, 4, 4, 4]
0
-0.00785646
1
-0.00878834
2
-0.0116526
3
-0.0143457
4
-0.00246448
5
-0.00271608
6
-0.00362969
7
-0.00622828
8
-0.00952842
Current seed:234
[9, 9, 9, 9]
0
0.00044147
1
0.00172442
2
0.00383568
3
0.000866675
4
0.00290711
Current seed:235
[3, 3, 3, 3]
0
0.00816021
1
-0.131822
Current seed:236
[5, 5, 5, 5]
0
0.0164127
Current seed:237
[9, 9, 9, 9]
0
-0.000563519
1
-0.000842661
2
-0.00105358
3
-0.000824795
4
-0.000825482
5
-0.000862715
6
-0.000622576
7
-0.000614345
8
-0.000618209
9
-0.000691098
10
-0.000663488
11
-0.000393132
12
-0.000417867
13
-0.000444969
14
-0.000463197
15
1.73191e-05
16
-3.16968e-05
17
1.69957e-05
18
0.000327368
19
-5.43263e-05
20
0.000846656
21
-0.00304666
22
9.81284e-05
23
0.00142054
24
-0.00440015
25
0.000248529
26
0.00135682
27
-0.00474068
28
0.000806623
29
-0.0010738
30
0.000776598
31
-0.00103587
32
0.000620426
33
0.000287745
34
-0.00272688
35
0.000876852
36
-0.00101757
37
0.000906946
38
-0.00267236
39
0.00140743
40
-0.00403866
41
0.000280663
42
0.00177854
43
-0.00498516
44
-0.000243954
45
-0.00030122
46
-0.000291729
47
-0.000306132
48
-0.000267225
49
-0.00024225
Current seed:238
[0, 0, 0, 0]
0
-0.00527289
1
-0.00260822
2
-0.00233403
3
-0.00359955
4
-0.00315094
5
-0.00321253
6
-0.00496071
7
-0.00337417
8
-0.00314352
9
-0.00288279
10
-0.00129532
11
-0.00161483
12
0.00383451
13
0.00173374
14
-0.00482618
15
0.00318005
16
0.00171082
17
-0.00509716
18
0.00432323
19
-0.00200426
20
0.00419474
21
-0.00964402
22
0.0043665
23
-0.00430237
24
0.00464964
25
-0.00202254
26
0.00251242
27
-0.00321634
28
0.00107438
29
-0.000365671
30
0.00265746
31
-0.00495471
32
0.00645125
33
-0.00435243
34
-0.000896309
35
0.00189718
36
0.000738712
37
-0.000793733
38
0.000606613
39
0.000301864
40
-0.00432645
41
0.00464429
42
-0.00223414
43
-0.00187097
44
0.00438463
45
-0.00373547
46
0.00109659
47
-0.00267629
48
0.00412467
49
-0.000318496
Current seed:239
[1, 1, 1, 1]
0
0.0106678
Current seed:240
[1, 1, 1, 1]
0
-0.00240428
1
-0.00265723
2
-0.00271684
3
-0.00307682
4
-0.00366989
5
-0.0032721
6
-0.00389906
7
-0.00402501
8
-0.00377046
9
-0.00450122
10
-0.00463944
11
-0.00351424
12
-0.00314334
13
-0.00286374
14
-0.00257316
15
-0.00293456
16
-0.00317375
17
-0.00372482
18
-0.0036296
19
-0.00384813
20
-0.00323091
21
-0.00208112
22
-0.00162058
23
-0.000460534
24
-0.000193432
25
-0.000296639
26
-3.84365e-05
27
-1.58932e-05
28
2.02311e-05
29
5.8717e-05
30
0.000202331
31
0.000395068
32
0.000916435
33
-0.00204349
34
0.000321847
35
0.000908945
36
-0.000539071
37
0.000948837
38
-0.00220542
39
0.000733393
40
0.00141188
Current seed:241
[6, 6, 6, 6]
0
-0.00881832
1
-0.00713462
2
-0.000264143
3
0.000194693
4
-0.00169931
5
-0.000350787
6
-0.00205618
7
-0.00263875
8
-0.001487
9
-0.00212812
10
-0.00248097
11
-0.00113762
12
-0.00238599
13
-0.00336858
14
-0.000982043
15
0.000857203
16
-0.0014084
17
0.00219304
18
-0.00640246
19
0.00286908
20
-0.00508035
21
0.00303206
22
-0.00203219
23
0.00175798
24
-0.00413684
25
0.00356299
26
-0.0058348
27
0.0075574
Current seed:242
[9, 9, 7, 9]
Current seed:243
[2, 2, 7, 2]
Current seed:244
[8, 8, 8, 8]
0
0.00142826
1
0.00254645
2
0.000579229
3
-0.00144492
4
-0.00203531
5
0.00308055
6
-0.000431537
7
0.00126866
8
-0.00135926
9
-0.000163188
10
-0.00156092
11
0.00152318
12
-0.00132588
13
0.000408485
14
-0.000996982
15
0.00213024
16
5.94383e-05
17
0.0016752
18
-0.00670827
19
0.00218973
20
-0.0015266
21
0.00256586
22
-0.00132075
23
0.00170126
24
-0.00130661
25
-0.00198982
26
0.00152186
27
0.00177044
28
-0.00130929
29
-0.00205583
30
0.00129489
31
0.00229467
32
8.61959e-05
33
-0.000244997
34
-0.00165645
35
0.00114484
36
-0.00141081
37
0.00160139
38
-0.00121609
39
-0.000639059
40
0.00232632
41
8.63969e-05
42
-0.000321235
43
-0.00122734
44
-0.00220587
45
0.000726589
46
0.000995482
47
0.00165386
48
-0.00116891
49
-0.00220632
Current seed:245
[1, 1, 1, 1]
0
-0.0208895
1
-0.0196332
2
-0.0159459
3
-0.017852
Current seed:246
[9, 9, 9, 9]
0
0.00613765
1
-0.006512
2
0.00614496
3
-0.0067956
4
0.00614739
5
-0.00693671
6
0.00646642
7
-0.00467171
8
0.00111097
9
0.00271869
10
-0.00754351
11
0.00657696
12
-0.00298235
13
-0.00173234
14
0.00119234
15
0.00265878
16
-0.00440963
17
0.00198129
18
0.000210865
19
-0.0012997
20
0.00214383
21
-0.00157862
22
0.00250933
23
-0.00974222
24
0.00658979
25
-0.00512905
26
0.00163631
27
0.000620603
28
-0.00153993
29
0.0021953
30
-0.000983117
31
-4.41652e-06
32
9.03892e-06
33
-2.84156e-06
34
-4.37456e-06
35
-4.28545e-06
36
0.000265513
37
-0.00228042
38
0.00096675
39
0.00203361
40
-0.000980163
41
-4.41683e-06
42
0.00026543
43
-0.00229147
44
0.000116518
45
0.00157354
46
0.00257388
47
-0.00760785
48
0.00654964
49
-0.00592201
Current seed:247
[8, 8, 8, 8]
0
-0.00160352
1
-0.00149816
2
-0.00099481
3
-0.000918091
4
-0.00107882
5
-0.00140707
6
-0.001598
7
-0.00158824
8
-0.000809716
9
-0.00087344
10
-0.000878274
11
-0.000864193
12
-0.000640684
13
0.000662056
14
-0.00134379
15
0.000600266
16
-0.00128748
17
0.000758995
18
-0.000969549
19
0.000710851
20
-0.00109318
21
0.000714814
22
-0.00138394
23
0.00105504
24
-0.00124783
25
0.00077916
26
-0.00145621
27
0.000383159
28
-0.00094047
29
0.000119563
30
-0.00122018
31
-8.855e-05
32
-0.000238507
33
-0.00161328
34
-0.000306713
35
0.000860332
36
-0.0023841
37
0.00116586
38
-0.00248303
39
0.000576062
40
-0.00119813
41
0.000205822
42
-0.000424538
43
0.000222923
44
-0.000286159
45
0.000256768
46
-0.000420524
47
0.000427666
48
-0.00161583
49
0.000473159
Current seed:248
[1, 1, 1, 1]
0
0.00813398
Current seed:249
[5, 5, 5, 5]
0
-0.00558008
1
-0.00384102
2
-0.00363677
3
-0.00543353
4
-0.00317309
5
-0.00636799
6
-0.00534979
7
-0.00533802
8
-0.00469713
9
-0.00720541
10
-0.00865846
11
-0.0119446
12
-0.0120653
13
-0.00481688
14
-0.00168365
15
0.000677861
16
0.00155265
Current seed:250
[3, 3, 3, 3]
0
0.00774902
1
0.0472072
Current seed:251
[4, 4, 7, 4]
Current seed:252
[6, 6, 6, 6]
0
0.00217838
1
0.0068204
Current seed:253
[0, 0, 0, 0]
0
0.00765888
1
0.0208523
Current seed:254
[7, 7, 7, 7]
0
-0.00737149
1
-0.00723426
2
-0.00863453
3
-0.00941761
4
-0.00846626
5
-0.00902932
6
-0.0328849
7
-0.0382829
Current seed:255
[6, 6, 6, 6]
0
-0.00265277
1
-0.00403752
2
-0.00483171
3
-0.00461804
4
-0.00411424
5
-0.00419984
6
-0.00398972
7
-0.00279675
8
-0.0035298
9
-0.00289383
10
-0.00420817
11
-0.0020731
12
-0.00302687
13
-0.00348484
14
-0.00228249
15
-0.00251329
16
-0.00122086
17
-0.00349886
18
0.00119389
19
-0.00208587
20
0.000762375
21
-0.000723749
22
0.00117511
23
-0.00209689
24
0.000921989
25
-0.000999381
26
0.00128813
27
-0.000958036
28
0.000892654
29
-0.00329912
30
0.00113539
31
0.00100198
32
0.00652176
Current seed:256
[7, 7, 7, 7]
0
0.00212091
1
0.00280766
2
-0.0267684
3
0.0044397
4
-0.0126816
5
0.00748375
6
-0.0745573
Current seed:257
[1, 1, 1, 1]
0
-0.0114867
1
-0.0129319
2
-0.0345329
3
-0.0323169
Current seed:258
[5, 5, 5, 5]
0
0.0101037
Current seed:259
[9, 9, 9, 9]
0
-0.00799042
1
-0.00557815
2
-0.00365074
3
-0.00164947
4
-0.00198691
5
-0.00418273
6
-0.00625848
7
-0.00541402
8
-0.00755264
9
-0.0150534
10
0.000397342
11
-0.000930937
12
0.000674232
13
0.000753886
14
-0.00537614
15
0.0085564
Current seed:260
[8, 8, 8, 8]
0
0.00265662
1
0.00218354
2
0.00665589
3
-0.0211266
4
0.00082293
5
0.000888009
6
-0.0027367
7
0.000563351
8
0.000587248
9
-0.000762266
10
0.000895522
11
-0.00124238
12
0.000571552
13
0.000936871
14
-0.0024713
15
0.000627894
16
0.000877714
17
-0.0019172
18
0.00077037
19
0.000778374
20
-0.00265612
21
0.000889711
22
9.79754e-05
23
0.0003542
24
-0.00151852
25
0.000878371
26
0.000155753
27
-0.00137159
28
0.00100857
29
-0.00160191
30
0.0010556
31
-0.00158419
32
0.00118875
33
-0.00149031
34
0.00124859
35
-0.00174719
36
0.00129451
37
-0.00166379
38
0.00120961
39
-0.00192285
40
0.000883922
41
-0.000644804
42
0.00103693
43
-0.00140851
44
0.000915541
45
-0.000161609
46
-0.000610098
47
0.0014757
48
-0.00290219
49
0.000740909
Current seed:261
[2, 2, 2, 2]
0
0.00890671
Current seed:262
[7, 7, 7, 7]
0
-0.00299684
1
-0.00301873
2
-0.00302669
3
-0.00304844
4
-0.00298844
5
-0.00299462
6
-0.0030745
7
-0.00310024
8
-0.00313824
9
-0.00314402
10
-0.00313764
11
-0.00316088
12
-0.00316931
13
-0.00314411
14
-0.00315063
15
-0.00315941
16
-0.00312666
17
-0.0030876
18
-0.00307606
19
-0.00314118
20
-0.00317442
21
-0.00304158
22
-0.0031031
23
-0.00304143
24
-0.00275764
25
-0.00258387
26
-0.00328725
Current seed:263
[6, 6, 6, 6]
0
0.00992128
1
0.0357403
Current seed:264
[8, 8, 8, 8]
0
0.00331474
1
0.0023372
2
0.0298046
Current seed:265
[0, 0, 0, 0]
0
0.00481288
1
-0.0148552
2
0.00502587
3
-0.0144237
4
0.00348274
5
-0.0130365
6
0.00334877
7
-0.0121956
8
0.002761
9
-0.0113697
10
0.00278878
11
-0.0116382
12
0.00301484
13
-0.0118811
14
0.00332066
15
-0.0137995
Current seed:266
[8, 8, 8, 8]
0
0.0255894
1
0.0295378
2
0.0269699
Current seed:267
[4, 4, 4, 4]
0
0.00348673
1
0.00763751
2
-0.02131
3
0.00453833
4
0.0176593
5
-0.00034065
6
0.000446649
7
-0.000166379
8
-0.000508643
9
0.00084563
10
-0.00034735
11
-0.000514169
12
0.000612105
13
-0.000229956
14
0.000107448
15
-0.00022674
16
0.000458942
17
-0.000327786
18
3.18494e-05
19
-4.19019e-06
20
-3.6265e-05
21
0.000117735
22
-0.000358317
23
0.000687919
24
-0.000206183
25
-0.000173861
26
-9.55302e-05
27
0.000224392
28
-0.000294277
29
0.000455667
30
-0.000285137
31
-0.000172722
32
0.000456797
33
-0.000284778
34
-0.000171405
35
0.000455675
36
-0.000284771
37
-0.000193431
38
0.000458951
39
-0.000327789
40
3.18475e-05
41
-4.19323e-06
42
-3.62668e-05
43
0.000117733
44
-0.000356292
45
0.000666164
46
-0.000143414
47
-0.000206333
48
-0.000241018
49
0.000671773
Current seed:268
[8, 8, 8, 8]
0
-0.0122333
1
-0.0116311
2
-0.0169987
3
-0.0265866
4
-0.0148733
Current seed:269
[7, 7, 7, 7]
0
-0.0385184
1
-0.0405141
Current seed:270
[0, 0, 0, 0]
0
-0.0185648
1
-0.0201643
2
-0.021558
Current seed:271
[2, 2, 2, 2]
0
0.0118261
Current seed:272
[2, 2, 2, 2]
0
0.01
Current seed:273
[1, 1, 1, 1]
0
0.0224697
Current seed:274
[8, 8, 8, 8]
0
-0.0246066
1
-0.0269147
2
-0.0313959
Current seed:275
[6, 6, 6, 6]
0
0.00645772
1
0.00960464
Current seed:276
[8, 8, 8, 8]
0
-0.0159897
1
-0.0151162
2
-0.017368
3
-0.0687416
Current seed:277
[2, 2, 2, 2]
0
0.00887434
Current seed:278
[8, 8, 8, 8]
0
0.0163272
1
0.00208548
2
-0.00357509
3
0.00263614
4
-0.00103128
5
0.000607577
6
0.00170916
7
-0.00360916
8
0.00254633
9
-0.00225015
10
0.00140323
11
0.00106402
12
-0.00290245
13
0.00330594
14
-0.00382933
15
0.00397426
16
-0.00365196
17
0.00220062
18
0.00154399
19
-0.00375314
20
0.00220042
21
0.00161205
22
-0.00376582
23
0.00262861
24
-0.00194253
25
0.00158137
26
0.00182428
27
-0.00425712
28
0.00294198
29
-0.0018882
30
0.00156479
31
-0.00154353
32
0.00127993
33
0.00169944
34
-0.00385632
35
0.00256215
36
-0.00149542
37
0.00179716
38
-0.00271362
39
0.003311
40
-0.0045104
41
0.00292215
42
0.000972313
43
-0.00271086
44
0.0033022
45
-0.00419716
46
0.00385275
47
-0.0028291
48
0.00254583
49
-0.00254246
Current seed:279
[7, 7, 7, 7]
0
0.00972015
Current seed:280
[8, 8, 8, 8]
0
0.0207465
Current seed:281
[2, 2, 2, 2]
0
-0.00512369
1
-0.00475841
2
-0.00582189
3
-0.00617461
4
-0.00590912
5
-0.00564697
6
-0.00568027
7
-0.00559063
8
-0.00531496
9
-0.00558813
10
-0.0055546
11
-0.00552942
12
-0.00566449
13
-0.00520918
Current seed:282
[6, 6, 6, 6]
0
-0.000264762
1
-0.000201889
2
-0.000736861
3
-0.000129284
4
-1.29879e-05
5
-1.35231e-05
6
-2.79304e-05
7
-9.10137e-05
8
-0.000140963
9
0.000274424
10
-0.00107868
11
0.000317486
12
-0.000898572
13
0.000691562
14
-0.000920742
15
0.000809666
16
-0.000512752
17
-0.000281893
18
0.000595067
19
-0.00090465
20
0.000906819
21
-0.000992338
22
0.000916713
23
-0.000989661
24
0.000852374
25
-0.00105542
26
0.000827403
27
-0.00114255
28
0.000669453
29
-0.000313392
30
0.000422691
31
-0.000785556
32
0.000668987
33
-0.000330992
34
0.00034642
35
-0.000608691
36
0.000842408
37
-0.00124348
38
0.000928892
39
-0.00100609
40
0.000686616
41
-0.00111414
42
0.00126033
43
-0.000577585
44
-0.000757945
45
0.00118659
46
-0.00114682
47
0.00151657
48
-0.00134164
49
0.00102971
Current seed:283
[6, 6, 6, 6]
0
-0.0032754
1
-0.00309083
2
-0.00307782
3
-0.00378914
4
-0.00406962
5
-0.00196479
6
-0.00279479
7
-0.00161916
8
-0.00173104
9
-0.00189318
10
-0.00331836
11
-0.00343149
12
-0.00295456
13
-0.00219446
14
-0.00723086
15
-0.0150638
16
-0.0263489
Current seed:284
[9, 9, 9, 9]
0
0.00279774
1
0.00601928
Current seed:285
[3, 3, 3, 3]
0
-0.00779632
1
-0.00809011
2
-0.0040796
3
-0.00561494
4
-0.00746932
5
-0.0134639
6
-0.0190796
7
-0.0241044
Current seed:286
[0, 0, 0, 0]
0
-1.64017e-05
1
-1.53024e-05
2
-0.000213784
3
-0.000189602
4
-0.000231594
5
-0.000254757
6
-0.000255228
7
-0.000276776
8
9.97837e-05
9
-3.5683e-05
10
-0.000149717
11
0.000111656
12
-3.68716e-05
13
-0.000150182
14
0.00011166
15
-7.85432e-05
16
-1.28286e-05
17
-1.3999e-05
18
-1.1803e-05
19
0.00011153
20
-7.85299e-05
21
-1.268e-05
22
-1.40912e-05
23
-1.20459e-05
24
0.000111455
25
-7.85401e-05
26
-1.25025e-05
27
-1.40712e-05
28
-1.19164e-05
29
0.000128725
30
0.000165174
31
-0.000187817
32
-7.8205e-05
33
-1.22965e-05
34
-1.43808e-05
35
0.000128693
36
0.000184699
37
-0.00104876
38
0.0010771
39
-0.00230702
40
0.000523568
41
-0.00205374
42
0.000430865
43
-0.00233578
44
-4.55498e-05
45
-4.64591e-05
46
-0.000240588
47
-0.00025482
48
-0.000383969
49
-4.84207e-06
Current seed:287
[6, 6, 6, 6]
0
-0.0674223
Current seed:288
[9, 9, 9, 9]
0
0.0112854
Current seed:289
[2, 2, 2, 2]
0
0.00410258
1
-0.0151757
2
0.00553489
3
-0.053976
4
-0.00123652
5
-0.00183281
6
-0.0053544
7
5.62558e-05
8
0.00136037
9
-0.00622982
Current seed:290
[6, 6, 6, 6]
0
0.0232145
Current seed:291
[7, 7, 7, 7]
0
-0.0449069
1
-0.0462947
Current seed:292
[1, 1, 1, 1]
0
0.0124166
Current seed:293
[0, 0, 0, 0]
0
0.00869583
Current seed:294
[8, 8, 8, 8]
0
0.0120513
1
-0.0019421
2
0.00297022
3
-0.00444814
4
0.00493828
5
-0.00429625
6
0.00458209
7
-0.00520912
8
0.00508088
9
-0.00473684
10
0.00362774
11
-0.00289738
12
0.00231837
13
-0.0028987
14
0.00374639
15
-0.00336079
16
0.00457433
17
-0.00663233
18
0.00560731
19
-0.00412157
20
0.00380783
21
-0.0031309
22
0.00218639
23
-0.00157917
24
0.00162061
25
-0.00163868
26
0.00197954
27
-0.00290856
28
0.00428491
29
-0.00429002
30
0.00425773
31
-0.00410884
32
0.00420193
33
-0.00450674
34
0.00377854
35
-0.00285743
36
0.00306238
37
-0.00413462
38
0.00379341
39
-0.00313681
40
0.00218274
41
-0.00157865
42
0.00163162
43
-0.0016297
44
0.00163622
45
-0.00163302
46
0.00163083
47
-0.00162579
48
0.00164668
49
-0.00272822
Current seed:295
[8, 8, 8, 8]
0
-0.0117552
1
-0.00956078
2
-0.00918209
3
-0.00779784
4
-0.00769909
5
-0.0065097
6
-0.00985922
7
-0.00494804
8
-0.00951112
Current seed:296
[0, 0, 0, 0]
0
0.00272077
1
0.00417185
2
0.00133073
Current seed:297
[4, 4, 4, 4]
0
0.00037839
1
-0.000308399
2
0.000100262
3
-0.00013654
4
0.000149517
5
-0.000310855
6
0.000296595
7
-0.000176388
8
-0.000310273
9
0.000381846
10
-0.000421935
11
0.000415587
12
-0.000390252
13
0.000312017
14
-0.00027255
15
6.46105e-05
16
2.1561e-05
17
-0.000127059
18
0.000294706
19
-0.000305926
20
0.000441326
21
-0.00031753
22
7.28918e-06
23
1.19017e-06
24
1.11506e-06
25
-0.000121564
26
0.000312019
27
-0.000272149
28
6.3562e-05
29
1.82934e-05
30
-0.000121565
31
0.00031202
32
-0.00027215
33
6.35606e-05
34
1.82933e-05
35
-0.000120296
36
0.000312017
37
-0.00030448
38
0.000127359
39
-6.40307e-05
40
2.44185e-05
41
-4.11076e-05
42
2.69634e-05
43
-6.15579e-05
44
5.66327e-05
45
1.891e-05
46
-4.11053e-05
47
2.69645e-05
48
-3.51314e-06
49
1.91332e-05
Current seed:298
[2, 2, 2, 2]
0
0.0024628
1
0.00528079
2
0.0102446
Current seed:299
[5, 5, 5, 5]
0
-0.00448909
1
-0.00346253
2
0.00373495
3
0.00148065
4
0.00118116
5
-0.0108503
6
0.00347627
7
0.00284515
8
-0.0174304
9
0.0063145
10
0.0010031
11
-0.0433822
12
0.00637792
13
-0.0246632
14
0.0213686
Current seed:300
[5, 5, 5, 5]
0
0.00177598
1
-0.000981158
2
-0.000525499
3
0.00177819
4
-0.00270522
5
0.00225473
6
-0.00279327
7
0.00199997
8
-0.00114658
9
-0.000138392
10
0.000570032
11
-0.00121067
12
0.0012774
13
-0.000570238
14
0.000485152
15
-0.000960601
16
0.000981912
17
-0.00117284
18
0.00107289
19
-0.000931533
20
0.000685188
21
-0.000695438
22
0.000691989
23
-0.000770782
24
0.000686054
25
-0.000138391
26
0.000570036
27
-0.00121068
28
0.0012774
29
-0.00057024
30
0.000485153
31
-0.000960598
32
0.000983197
33
-0.00117425
34
0.00107289
35
-0.000931533
36
0.000685187
37
-0.000695437
38
0.000691991
39
-0.000770781
40
0.000686053
41
-0.000138392
42
0.000570034
43
-0.00121067
44
0.0012774
45
-0.000570239
46
0.000485152
47
-0.0009606
48
0.000983197
49
-0.00117426
Current seed:301
[0, 0, 0, 0]
0
0.00363863
1
0.00756414
Current seed:302
[2, 2, 2, 2]
0
0.00539743
1
0.00719163
Current seed:303
[8, 3, 8, 8]
Current seed:304
[8, 8, 8, 8]
0
-0.000913476
1
-0.00159753
2
-0.00226139
3
-0.00269571
4
-0.00291122
5
-0.00315564
6
-0.00322397
7
-0.00165225
8
-0.00149213
9
-0.00259088
10
-0.00517095
11
-0.00578389
12
-0.00744335
13
-0.009505
14
-0.0116902
15
-0.0190208
Current seed:305
[5, 5, 5, 5]
0
0.0163702
Current seed:306
[0, 0, 0, 0]
0
-0.00440736
1
-0.0042603
2
-0.00179684
3
-0.00293836
4
-0.00351613
5
-0.00372372
6
-0.00362495
7
-0.00697333
8
-0.00905742
9
-0.0156384
10
-0.0231445
Current seed:307
[9, 9, 9, 9]
0
0.0294799
Current seed:308
[0, 0, 0, 0]
0
-0.000493021
1
-0.000488513
2
-0.000574951
3
-0.000603989
4
-0.000496463
5
-0.000446211
6
-0.000456639
7
-0.000480091
8
-0.000475053
9
-0.000503961
10
-0.0004453
11
-0.00038238
12
-0.000365629
13
-0.000293249
14
-0.000324298
15
-0.000323779
16
-0.000178297
17
-0.000182119
18
-0.000182893
19
-0.000182506
20
-0.000178844
21
-0.00016949
22
-0.000169499
23
-0.000145445
24
-0.000145703
25
-0.000144155
26
-0.000144002
27
-0.000146021
28
-0.000144745
29
-0.000171932
30
-0.000191329
31
-0.000178918
32
-0.000174215
33
0.000175485
34
-0.00034922
35
0.000174374
36
-0.000424147
37
0.000181405
38
-0.000420921
39
0.000200585
40
-0.000408178
41
0.000138548
42
-0.000386239
43
0.000136767
44
-0.000392478
45
5.46449e-05
46
-0.000261529
47
5.81066e-05
48
-0.000259162
49
6.08769e-05
Current seed:309
[3, 3, 3, 3]
0
-0.00712901
1
-0.00566998
2
-0.00389858
3
-0.00386342
4
-0.00455413
5
-0.00622711
6
-0.00529738
7
-0.00743249
8
-0.00955295
9
-0.0127655
10
-0.0274831
Current seed:310
[9, 9, 9, 9]
0
-0.00934314
1
-0.00884499
2
-0.00848797
3
-0.00843247
4
-0.0093846
5
-0.00843304
6
-0.0119978
7
-0.00912954
8
-0.00597297
9
-0.00691943
Current seed:311
[6, 6, 6, 6]
0
0.00119465
1
-0.000890192
2
0.00041158
3
0.000755034
4
-0.00114045
5
0.000188396
6
0.000793212
7
6.69952e-05
8
0.000649201
9
-0.00293403
10
0.00100062
11
0.000128541
12
-0.000574938
13
3.86788e-06
14
-7.59349e-06
15
3.87309e-06
16
3.86717e-06
17
-7.59427e-06
18
3.87505e-06
19
3.86671e-06
20
-7.59299e-06
21
3.87351e-06
22
3.86422e-06
23
-7.57878e-06
24
3.87669e-06
25
3.86435e-06
26
-7.5788e-06
27
3.87661e-06
28
3.852e-06
29
-7.57744e-06
30
3.87636e-06
31
3.83901e-06
32
-7.57616e-06
33
3.87711e-06
34
3.83657e-06
35
-7.59232e-06
36
3.87642e-06
37
3.83671e-06
38
-7.59331e-06
39
3.87533e-06
40
3.83723e-06
41
-7.59181e-06
42
3.87532e-06
43
3.83714e-06
44
-7.59114e-06
45
3.87546e-06
46
3.83517e-06
47
-7.59175e-06
48
3.87469e-06
49
-7.58004e-06
Current seed:312
[9, 9, 9, 9]
0
-0.00460219
1
-0.00987952
2
-0.00847851
3
-0.00885499
4
-0.00978769
5
-0.0101793
6
-0.00670118
7
-0.00359277
Current seed:313
[2, 2, 2, 2]
0
-0.0264299
1
-0.0255748
Current seed:314
[3, 3, 3, 3]
0
0.0167345
1
-0.00703169
2
0.0746666
Current seed:315
[3, 3, 3, 3]
0
-0.00391065
1
-0.00364866
2
-0.00243086
3
-0.0030063
4
-0.00256743
5
-0.00356956
6
-0.00102181
7
-0.00142667
8
-0.00245671
9
-0.000348819
10
-0.000394577
11
-0.000999893
12
-0.00107999
13
-0.000930864
14
-0.00271632
15
-0.00213284
16
-0.00138279
17
-0.000301815
18
-0.00199928
19
-0.00434852
20
-0.00277408
21
-0.00373023
22
-0.00606711
23
-0.00827036
24
-0.00748942
25
-0.00550005
26
-0.00289006
27
-0.00638349
Current seed:316
[6, 6, 6, 6]
0
-0.005205
1
-0.00413771
2
-0.00496198
3
-0.0064466
4
-0.00866643
5
-0.0120327
6
-0.0223375
7
-0.0289353
Current seed:317
[0, 0, 0, 0]
0
-0.0988516
Current seed:318
[3, 3, 3, 3]
0
0.0362881
1
0.03377
Current seed:319
[4, 4, 4, 4]
0
-0.00230348
1
-0.00287525
2
-0.00354853
3
-0.0024167
4
-0.00112883
5
-0.00101872
6
-0.000165119
7
-0.000437158
8
0.000580113
9
-0.00648212
10
0.00337347
11
-0.0045955
12
0.00447277
13
-0.00688225
14
0.00610015
15
-0.095965
Current seed:320
[0, 0, 0, 0]
0
0.00768716
Current seed:321
[0, 0, 0, 0]
0
0.0115118
Current seed:322
[8, 3, 3, 8]
Current seed:323
[7, 7, 7, 7]
0
-0.00714384
1
-0.00834638
2
-0.00726679
3
-0.0106231
4
-0.00880506
5
-0.00850698
6
-0.0128207
7
-0.00390877
8
-0.00339495
9
-0.00487752
10
-0.00420474
11
-0.00556
Current seed:324
[8, 8, 8, 8]
0
0.000678468
1
-2.11219e-05
2
-2.40445e-05
3
-5.01789e-06
4
-1.12964e-05
5
-1.13126e-05
6
-1.04095e-05
7
-1.12651e-05
8
-1.11889e-05
9
-1.18849e-05
10
-1.52378e-05
11
-1.62284e-05
12
-1.61132e-05
13
-0.000103322
14
0.00110184
15
-0.00124464
16
0.000667912
17
-0.00216829
18
0.000697184
19
-3.15976e-05
20
-5.59827e-05
21
-6.07818e-05
22
-3.04422e-05
23
-9.48048e-06
24
6.99123e-05
25
-7.35903e-05
26
0.00111618
27
-0.00113809
28
0.00105505
29
-0.00109111
30
0.0011129
31
-0.00112188
32
0.00111297
33
-0.00112278
34
0.00111311
35
-0.00112244
36
0.00110787
37
-0.00108219
38
0.00111283
39
-0.0011217
40
0.00111291
41
-0.00112249
42
0.00111486
43
-0.00112243
44
0.00110787
45
-0.00108219
46
0.00111281
47
-0.00112171
48
0.00111305
49
-0.00112249
Current seed:325
[4, 4, 4, 4]
0
0.0137135
1
0.00099757
2
0.00378687
3
0.0052485
4
0.00226555
5
0.0123661
Current seed:326
[0, 0, 0, 0]
0
-0.00533918
1
-0.00585533
2
-0.00606559
3
-0.00586624
4
-0.00612532
5
-0.0079463
6
-0.00962313
7
-0.00838391
8
-0.0105735
9
-0.0159061
Current seed:327
[2, 2, 2, 2]
0
0.00772144
1
-0.065984
2
0.009911
Current seed:328
[3, 3, 3, 3]
0
0.00487669
1
0.0288499
2
-0.00294933
3
-0.00362748
4
-0.00292196
5
-0.00642147
6
-0.0170441
7
0.000457043
8
0.00182292
9
0.00247596
10
-0.0198695
11
0.00379126
12
0.000786099
13
-0.0025383
14
0.00630695
15
-0.120813
Current seed:329
[6, 6, 6, 6]
0
-0.00647134
1
-0.00647815
2
-0.00645137
3
-0.00640554
4
-0.0064378
5
-0.00652975
6
-0.00651827
7
-0.00645344
8
-0.00641634
9
-0.00679852
Current seed:330
[8, 8, 8, 8]
0
0.00981122
Current seed:331
[6, 6, 6, 6]
0
0.00281368
1
0.00228704
2
0.0125089
Current seed:332
[0, 0, 0, 0]
0
0.000939075
1
-0.00668253
2
0.00192066
3
-0.0109736
4
0.00419642
5
-0.00612909
6
0.00344731
7
-0.00691004
8
0.00423267
9
-0.00445849
10
0.00433571
11
-0.00464854
12
0.00491942
13
-0.00578549
14
0.00486319
15
-0.00426456
16
-0.00480218
17
0.00357772
18
-0.00521969
19
0.00322797
20
-0.0058786
21
0.00305134
22
-0.00120792
23
-0.00873463
24
0.00187772
25
-0.00213691
26
0.00255746
27
-0.00425448
28
0.00110889
29
-0.00189895
30
0.0017449
31
-0.0020622
32
0.000920591
33
-0.0036098
34
0.00777399
Current seed:333
[4, 4, 4, 4]
0
-0.0191333
1
-0.0191251
2
-0.0190119
Current seed:334
[3, 3, 3, 3]
0
0.0100135
1
-0.00521147
2
0.00470305
3
-0.0135852
4
0.00912024
5
-0.012714
6
0.0094205
7
-0.0133787
8
0.00889535
9
-0.0100537
10
0.0079382
11
-0.0127682
12
0.00740139
13
-0.0148103
14
0.00486724
15
0.00283533
16
-0.0142692
17
0.00448754
18
0.00393147
19
-0.0108
20
0.00473604
21
-0.000170283
22
0.00353221
23
-0.0107102
24
0.00474237
25
-0.000446976
26
0.0036121
27
-0.0143765
28
0.00403213
29
0.001492
30
-0.00206495
31
0.0047165
32
-0.0122843
33
0.00140712
34
0.00314559
35
0.00046187
36
-0.00332144
37
0.00292426
38
-0.000498904
39
0.00184193
40
-0.0117159
41
0.000314813
42
0.00252107
43
0.00389002
44
-0.00761798
45
-0.00103881
46
-0.00160558
47
-0.00119267
48
-0.000189022
49
0.000237894
Current seed:335
[1, 1, 1, 1]
0
6.125e-05
1
7.08312e-05
2
8.70723e-05
3
0.00282375
4
0.00983211
Current seed:336
[5, 5, 5, 5]
0
-0.00609826
1
-0.00492498
2
-0.0054473
3
-0.0046111
4
0.0043375
5
-0.0191588
6
0.00184786
7
-0.0104064
8
-0.00228858
9
-0.00125352
10
-0.00029021
11
-0.0008294
12
-0.000389198
13
-0.000259763
14
0.000596278
15
-0.00706724
16
-0.00397127
17
-0.00559211
18
-0.00873565
19
-0.0163863
20
0.00645798
Current seed:337
[3, 3, 3, 3]
0
0.0029084
1
-0.000206626
2
-0.000385397
3
0.00181528
4
-0.00224032
5
0.00199413
6
-0.0016529
7
0.00193278
8
-0.00219494
9
0.00196416
10
-0.00170982
11
0.00193288
12
-0.00219493
13
0.00196793
14
-0.00170974
15
0.00193542
16
-0.00219493
17
0.00196794
18
-0.0017097
19
0.00193542
20
-0.00219491
21
0.00196795
22
-0.00170969
23
0.00193542
24
-0.00219493
25
0.00196794
26
-0.00167231
27
0.00181209
28
-0.00240079
29
0.00181705
30
-0.00194431
31
0.00178705
32
0.000128525
33
-0.000964025
34
-0.000258763
35
0.00193286
36
-0.00219492
37
0.00196886
38
-0.00170987
39
0.00193285
40
-0.00219494
41
0.00196887
42
-0.00170983
43
0.00193287
44
-0.00219495
45
0.00196793
46
-0.00170972
47
0.00193542
48
-0.00219492
49
0.00196794
Current seed:338
[5, 5, 5, 5]
0
-0.0104117
1
-0.00804395
2
-0.00765822
3
-0.00885662
4
-0.0085466
5
-0.00760934
6
-0.00676275
7
-0.00626753
8
-0.00787929
9
-0.00677522
10
-0.00500826
11
-0.00298676
12
-0.00223487
Current seed:339
[2, 2, 2, 2]
0
0.016748
Current seed:340
[1, 1, 1, 1]
0
0.00302355
1
-0.0113614
2
0.00678363
3
-0.00767076
4
0.00632433
5
-0.0162434
6
0.00571347
7
-0.0258046
8
0.0125072
Current seed:341
[9, 9, 9, 9]
0
0.00550785
1
-0.000967764
2
0.00783552
Current seed:342
[7, 7, 7, 7]
0
-0.000777777
1
0.000154133
2
-0.000390437
3
8.73804e-05
4
-0.000809073
5
0.000361031
6
-0.000671033
7
-3.53729e-05
8
-2.38121e-05
9
-1.86696e-05
10
-1.86873e-05
11
-9.54033e-05
12
-7.5541e-05
13
-0.000166624
14
-6.17851e-05
15
5.47712e-05
16
-8.70106e-05
17
5.5273e-05
18
9.34881e-06
19
-0.00112611
20
0.000254365
21
-0.000707916
22
0.000482532
23
-0.00151521
24
0.000517964
25
-0.000632023
26
0.000478952
27
-0.000869218
28
0.000434405
29
-0.000301381
30
-0.000290298
31
0.000467539
32
-0.00029079
33
0.000248081
34
-0.000305665
35
0.000773145
36
1.87676e-05
37
-5.48241e-05
38
-0.000685142
39
0.000248105
40
-0.000292107
41
0.000778558
42
3.40981e-05
43
-7.17117e-05
44
-0.000592779
45
0.000535778
46
-0.000443218
47
1.32414e-05
48
-2.49366e-05
49
0.000209717
Current seed:343
[8, 8, 8, 8]
0
0.000708028
1
0.00203553
2
-0.00238082
3
0.0021197
4
-0.00130831
5
0.000407619
6
0.00198961
7
-0.000419099
8
-0.00197231
9
0.000217763
10
0.000962117
11
-0.00201959
12
0.00204086
13
-0.00218596
14
0.000872976
15
-0.000275079
16
0.000708593
17
0.00144783
18
-0.000597687
19
-0.00200317
20
0.00203701
21
-0.00256052
22
0.0016515
23
0.00126024
24
-0.000999565
25
0.00143315
26
-0.000305515
27
-0.00184645
28
0.000229303
29
0.00108404
30
-0.00203362
31
0.00232638
32
-0.00235425
33
0.00232774
34
-0.00208127
35
0.00139445
36
0.000298205
37
-0.00201736
38
0.00239734
39
-0.00202422
40
0.00129837
41
0.000603866
42
-0.00241416
43
0.000791122
44
-0.000368186
45
0.000945775
46
0.00172418
47
-0.000176653
48
-0.00167185
49
0.00156394
Current seed:344
[2, 2, 2, 2]
0
-0.0410056
1
-0.044075
Current seed:345
[2, 2, 2, 2]
0
0.000238003
1
-0.000215546
2
0.000162772
3
3.72599e-05
4
-5.93475e-05
5
6.36061e-05
6
-0.000187375
7
0.000249517
8
-0.000240381
9
0.000166442
10
7.51345e-05
11
-0.000239699
12
0.000169124
13
1.50054e-05
14
-0.000202042
15
0.000176604
16
7.18053e-05
17
-0.000264509
18
0.000377916
19
-0.000182138
20
7.23284e-05
21
-0.000310782
22
0.000233253
23
-0.000203937
24
0.000239507
25
-0.000113579
26
0.000119227
27
-0.000165148
28
0.000163126
29
-0.000152909
30
0.000165112
31
-0.000320012
32
0.000240045
33
-0.000205808
34
0.000202998
35
-0.000183597
36
0.000158832
37
-8.19562e-05
38
0.000192842
39
-0.000260245
40
0.000242114
41
-0.000239084
42
0.000237617
43
-0.000225231
44
0.000245842
45
-0.00025794
46
0.000237392
47
-0.000225231
48
0.000245842
49
-0.00025794
Current seed:346
[2, 2, 3, 2]
Current seed:347
[3, 3, 3, 3]
0
0.0206838
1
-0.000593188
2
0.000262887
3
-1.81952e-05
4
0.000148892
5
-0.000668663
6
0.000556044
7
-0.000227503
8
0.000561161
9
-0.000481969
10
0.000364806
11
-0.000770444
12
0.000558642
13
-0.00023255
14
0.000559018
15
-0.000597121
16
0.000476667
17
-0.000872606
18
0.000737818
19
-0.000451621
20
0.000587722
21
-0.00087021
22
0.000719095
23
-0.000321965
24
0.000480607
25
-0.00076812
26
0.000529034
27
-2.81048e-05
28
9.59331e-05
29
-0.000321248
30
0.000348068
31
-0.000444773
32
0.000594139
33
-0.000764175
34
0.000618187
35
-0.000256239
36
0.000632667
37
-0.000113438
38
-0.000237556
39
-0.000589033
40
0.000772283
41
-0.000914352
42
0.00079536
43
-0.00132411
44
0.00126738
45
-0.000605991
46
0.000762935
47
-0.000996821
48
0.000556623
49
0.000630398
Current seed:348
[7, 7, 7, 7]
0
-0.0275857
1
-0.020639
2
-0.0237114
3
-0.00231223
4
-0.00104632
5
0.00176635
6
0.00198785
7
-0.00587971
8
0.00594309
Current seed:349
[4, 4, 4, 4]
0
-0.00297719
1
-0.0029773
Current seed:350
[0, 0, 0, 0]
0
0.00162585
1
0.00108212
2
0.000811546
3
0.000898409
4
0.000468845
5
0.000542885
6
-0.000331573
7
0.000318944
8
-0.000319641
9
0.000317272
10
-0.000315909
11
0.000317751
12
-0.000320122
13
0.000318132
14
-0.00031581
15
0.000317766
16
-0.000320102
17
0.000318137
18
-0.000315806
19
0.000317769
20
-0.000320102
21
0.000318137
22
-0.000315802
23
0.000317769
24
-0.000320103
25
0.000318137
26
-0.000315804
27
0.000317768
28
-0.000320099
29
0.000318137
30
-0.000315805
31
0.000317771
32
-0.000320104
33
0.000318138
34
-0.000315804
35
0.000317767
36
-0.0003201
37
0.000318138
38
-0.000315805
39
0.000317769
40
-0.000320102
41
0.000318137
42
-0.000315805
43
0.00031777
44
-0.000320102
45
0.000318137
46
-0.000315805
47
0.00031777
48
-0.000320099
49
0.000318134
Current seed:351
[9, 9, 9, 9]
0
-0.000420234
1
-0.000450031
2
-0.000434834
3
-0.000421166
4
-0.000414426
5
-0.000407581
6
-0.00039283
7
-0.000409204
8
-0.0003907
9
-0.000379747
10
-0.000393733
11
-0.000394074
12
-0.000374014
13
-0.000351106
14
-0.000353062
15
-0.000369772
16
-0.000395453
17
-0.000404457
18
-0.000426976
19
-0.000422498
20
-0.000441708
21
-0.00042765
22
-0.000431435
23
-0.000424289
24
-0.000397363
25
-0.000404041
26
-0.000397842
27
-0.000379287
28
-0.000368398
29
-0.000390896
30
-0.000384068
31
-0.000400904
32
-0.000407384
33
-0.000378223
34
-0.000385235
35
-0.000367843
36
-0.000403198
37
-0.00040791
38
-0.000391642
39
-0.000400587
40
-0.000375978
41
-0.000384297
42
-0.000377133
43
-0.000396585
44
-0.000395701
45
-0.000372806
46
-0.000379416
47
-0.000388948
48
-0.000369078
49
-0.000354473
Current seed:352
[8, 8, 8, 8]
0
-0.00246626
1
-0.00238316
2
-0.00236611
3
-0.00190006
4
-0.00180368
5
-0.00159014
6
-0.00605054
7
-0.00759115
8
-0.00552262
9
-0.00570252
10
-0.00255871
11
-0.00165436
12
-0.0019005
13
-0.00415767
14
-0.00478558
15
-0.00558625
16
-0.00661116
Current seed:353
[6, 6, 6, 6]
0
-0.00316365
1
-0.00334111
2
-0.00285615
3
-0.00236594
4
-0.00667831
5
-0.00605038
6
-0.00593025
7
-0.00791429
8
-0.00775393
9
-0.00802725
10
-0.00788197
11
-0.00730308
12
-0.0127292
Current seed:354
[0, 0, 0, 0]
0
-0.00286137
1
-0.00342597
2
-0.00389306
3
-0.001843
4
-0.00181149
5
-0.00133748
6
-0.000931312
7
-0.00105378
8
-0.000316055
9
-0.000285436
10
-0.000391332
11
-0.000419325
12
-0.00016103
13
-0.000251512
14
-6.44119e-05
15
4.92164e-05
16
-7.02702e-05
17
5.53472e-05
18
-7.01389e-05
19
5.81449e-05
20
-6.4047e-05
21
5.80282e-05
22
-6.39789e-05
23
5.80038e-05
24
-6.3974e-05
25
5.82033e-05
26
-6.38281e-05
27
5.8106e-05
28
-6.38378e-05
29
5.81206e-05
30
-6.38086e-05
31
5.81693e-05
32
-6.37891e-05
33
5.86996e-05
34
-6.37891e-05
35
5.86996e-05
36
5.09437e-05
37
-0.000146457
38
8.50716e-05
39
-6.0714e-05
40
4.84136e-05
41
6.17699e-05
42
-0.000120703
43
5.91229e-05
44
6.17699e-05
45
-0.000120703
46
5.91278e-05
47
6.1765e-05
48
-0.000120654
49
5.91278e-05
Current seed:355
[3, 3, 3, 3]
0
1.12959e-05
1
9.71111e-06
2
-3.98709e-05
3
1.13004e-05
4
9.69981e-06
5
-1.55447e-05
6
9.67175e-06
7
-1.5571e-05
8
1.12988e-05
9
9.69997e-06
10
-1.5545e-05
11
9.67236e-06
12
-1.55615e-05
13
1.13004e-05
14
9.69936e-06
15
-1.55438e-05
16
9.67281e-06
17
-1.5563e-05
18
1.13005e-05
19
9.69905e-06
20
-1.55432e-05
21
9.67357e-06
22
-1.55629e-05
23
1.12995e-05
24
9.69951e-06
25
-1.55458e-05
26
9.67311e-06
27
-1.55636e-05
28
1.13004e-05
29
9.70042e-06
30
-1.55461e-05
31
9.67298e-06
32
-1.55707e-05
33
1.13001e-05
34
9.70196e-06
35
-1.55461e-05
36
9.67207e-06
37
-1.55715e-05
38
1.12994e-05
39
9.70021e-06
40
-1.55464e-05
41
9.67298e-06
42
-1.55695e-05
43
1.13001e-05
44
9.70082e-06
45
-1.55493e-05
46
9.67252e-06
47
-1.55669e-05
48
1.13004e-05
49
9.7002e-06
Current seed:356
[1, 1, 1, 1]
0
0.00456683
1
0.0177846
Current seed:357
[5, 5, 5, 5]
0
-0.0272227
1
-0.0302566
2
-0.0331699
3
-0.029732
Current seed:358
[5, 5, 5, 5]
0
0.00337421
1
0.000974381
2
0.00556317
Current seed:359
[7, 7, 7, 7]
0
0.0112136
1
0.011592
2
0.0112178
Current seed:360
[2, 2, 2, 2]
0
-0.0134345
1
-0.0096787
2
-0.0146933
3
-0.00720071
4
-0.0187364
Current seed:361
[5, 5, 5, 5]
0
0.0048068
1
0.0146349
Current seed:362
[8, 8, 8, 8]
0
-0.0154684
1
-0.0143005
2
-0.0156699
3
-0.0109695
4
0.000234105
5
-0.00166834
6
0.00313781
7
-0.0236753
Current seed:363
[3, 3, 3, 3]
0
0.0015133
1
0.0070669
2
0.00871455
3
0.0152276
Current seed:364
[6, 6, 6, 6]
0
-0.0248317
1
-0.029186
2
-0.034981
Current seed:365
[6, 6, 6, 6]
0
0.00555075
1
0.0164633
Current seed:366
[9, 9, 9, 9]
0
-0.0273452
1
-0.0309654
2
-0.0416695
Current seed:367
[5, 5, 5, 5]
0
0.0145956
Current seed:368
[6, 6, 6, 6]
0
-0.00217834
1
-0.00192333
2
-0.00145036
3
-0.000798835
4
-0.00129777
5
-0.0010825
6
-0.00126335
7
-0.00113092
8
-0.00075969
9
-0.000468259
10
-0.00078633
11
-0.000424064
12
-0.00024397
13
-0.000193831
14
-0.000350614
15
-0.000593013
16
-0.000949309
17
-0.00145432
18
-0.000935525
19
-0.000609513
20
-0.000842564
21
-0.000338928
22
-0.000395186
23
-0.000328438
24
-0.000259755
25
-0.000271509
26
-0.000319697
27
-0.0013722
28
-0.00146513
29
-0.000951787
30
-0.000410753
31
-0.000312421
32
-0.000676034
33
-0.000924804
34
-0.00135491
35
-0.000231002
36
-0.000465805
37
-0.00076537
38
-0.000564886
39
-0.000648706
40
-0.000352747
41
5.0952e-05
42
0.000297105
43
-0.000348071
44
5.09502e-05
45
0.000297105
46
-0.000348072
47
5.09502e-05
48
0.000297103
49
-0.00034807
Current seed:369
[7, 7, 7, 7]
0
-0.00499235
1
-0.00492138
2
-0.0055314
3
-0.00373612
4
-0.00539439
5
-0.00583699
6
-0.00706108
7
-0.00378811
8
-0.00159231
9
-0.00185911
10
-0.000358936
11
-0.000581333
12
-0.00120157
13
-0.000769659
14
-0.00176073
15
-0.00237004
16
-0.0018873
17
-0.00304281
18
-0.00410154
19
-0.00686063
20
-0.002761
21
-0.00871931
Current seed:370
[3, 3, 3, 3]
0
-0.0229747
1
-0.0232529
2
-0.0217062
3
0.00462721
4
0.00659641
5
0.0192221
Current seed:371
[0, 0, 0, 0]
0
-0.0105299
1
-0.0102658
2
-0.0140915
3
-0.0123271
4
-0.010026
5
-0.00347742
6
-8.91862e-05
7
-0.0011629
8
0.000711144
9
-0.00456151
10
0.00107607
11
-0.00723497
Current seed:372
[5, 5, 5, 5]
0
-0.000359152
1
-0.000343386
2
-0.00060937
3
-0.000616726
4
-0.00043115
5
-0.000361056
6
-0.000200056
7
-0.000255604
8
-2.08592e-05
9
-2.07947e-05
10
-2.08203e-05
11
-2.08945e-05
12
-2.09164e-05
13
-2.20726e-05
14
-1.56468e-05
15
-1.56444e-05
16
-2.26461e-05
17
-1.29208e-05
18
-1.29117e-05
19
-1.29293e-05
20
-1.29512e-05
21
-1.29275e-05
22
-1.29306e-05
23
-1.29713e-05
24
-1.84896e-05
25
-1.85231e-05
26
-1.84616e-05
27
-1.85224e-05
28
-1.85285e-05
29
-1.85297e-05
30
-1.85297e-05
31
-1.85188e-05
32
-1.85127e-05
33
-1.85364e-05
34
-1.85328e-05
35
-1.85224e-05
36
-1.85103e-05
37
-1.85249e-05
38
-1.85158e-05
39
-1.92158e-05
40
-1.92608e-05
41
-1.92596e-05
42
-1.91817e-05
43
-1.91532e-05
44
-1.91927e-05
45
-3.08594e-05
46
-3.08521e-05
47
-3.14579e-05
48
-3.14372e-05
49
-3.14974e-05
Current seed:373
[1, 1, 1, 1]
0
-0.0242869
1
-0.015767
2
-0.0155177
3
-0.0167664
Current seed:374
[6, 6, 6, 6]
0
0.0125447
Current seed:375
[2, 2, 2, 2]
0
0.00736603
Current seed:376
[5, 5, 5, 5]
0
0.042043
Current seed:377